# Daily Run 2026-06-22

- Start: 2026-06-22T15:18:49  |  Dauer: 77.2s
- StatsBomb: `open-data` / historical
- Spiele OK: 8 | Fehler: 0


## Kalibrierung (Brier, kumulativ)

| Quelle | Ø Brier | n |
|---|---|---|
| kalshi | 0.4947 | 34 |
| market | 0.497 | 34 |
| books | 0.5043 | 33 |
| ensemble | 0.5051 | 34 |
| model | 0.5577 | 34 |
| whale | 0.5991 | 29 |

## [[fifwc-arg-aut-2026-06-22|Argentina vs. Austria]] (2026-06-22)

| Quelle | Argentina | Remis | Austria |
|---|---|---|---|
| Markt | 67.2% | 21.4% | 11.4% |
| Buchmacher (pinnacle) | 66.3% | 21.7% | 12.0% |
| Modell | 70.7% | 18.9% | 10.4% |
| **Ensemble** | **72.0%** | **18.1%** | **9.9%** |

Top-Ergebnis: **2:0** (12.1%), xG 2.121:0.766, Over 2.5: 54.9%

## [[fifwc-col-cdr-2026-06-23|Colombia vs. DR Congo]] (2026-06-23)

| Quelle | Colombia | Remis | DR Congo |
|---|---|---|---|
| Markt | 64.8% | 22.6% | 12.6% |
| Buchmacher (pinnacle) | 64.3% | 22.4% | 13.3% |
| Modell | 70.7% | 19.6% | 9.8% |
| **Ensemble** | **69.7%** | **19.1%** | **11.2%** |

Top-Ergebnis: **2:0** (12.7%), xG 2.012:0.747, Over 2.5: 51.6%

## [[fifwc-eng-gha-2026-06-23|England vs. Ghana]] (2026-06-23)

| Quelle | England | Remis | Ghana |
|---|---|---|---|
| Markt | 79.1% | 14.4% | 6.5% |
| Buchmacher (pinnacle) | 79.6% | 14.1% | 6.3% |
| Modell | 87.9% | 10.3% | 1.8% |
| **Ensemble** | **80.8%** | **13.3%** | **5.9%** |

Top-Ergebnis: **2:0** (13.1%), xG 2.712:0.611, Over 2.5: 63.9%

## [[fifwc-fra-irq-2026-06-22|France vs. Iraq]] (2026-06-22)

| Quelle | France | Remis | Iraq |
|---|---|---|---|
| Markt | 90.2% | 7.5% | 2.3% |
| Buchmacher (pinnacle) | 90.0% | 7.5% | 2.5% |
| Modell | 88.6% | 9.7% | 1.7% |
| **Ensemble** | **90.9%** | **7.1%** | **2.0%** |

Top-Ergebnis: **3:0** (13.4%), xG 3.409:0.474, Over 2.5: 73.8%

## [[fifwc-jor-alg-2026-06-22|Jordan vs. Algeria]] (2026-06-22)

| Quelle | Jordan | Remis | Algeria |
|---|---|---|---|
| Markt | 15.3% | 22.2% | 62.6% |
| Buchmacher (pinnacle) | 14.3% | 21.8% | 64.0% |
| Modell | 26.3% | 27.5% | 46.2% |
| **Ensemble** | **24.8%** | **22.2%** | **53.0%** |

Top-Ergebnis: **1:1** (11.1%), xG 0.989:1.969, Over 2.5: 56.6%

## [[fifwc-nor-sen-2026-06-22|Norway vs. Senegal]] (2026-06-22)

| Quelle | Norway | Remis | Senegal |
|---|---|---|---|
| Markt | 44.3% | 27.4% | 28.4% |
| Buchmacher (pinnacle) | 44.0% | 27.8% | 28.2% |
| Modell | 47.7% | 27.8% | 24.5% |
| **Ensemble** | **50.1%** | **24.5%** | **25.4%** |

Top-Ergebnis: **1:1** (12.9%), xG 1.546:1.176, Over 2.5: 51.1%

## [[fifwc-pan-hrv-2026-06-23|Panama vs. Croatia]] (2026-06-23)

| Quelle | Panama | Remis | Croatia |
|---|---|---|---|
| Markt | 13.4% | 23.4% | 63.2% |
| Buchmacher (pinnacle) | 13.9% | 23.2% | 63.0% |
| Modell | 17.4% | 22.4% | 60.2% |
| **Ensemble** | **14.0%** | **20.3%** | **65.8%** |

Top-Ergebnis: **0:2** (11.7%), xG 0.818:1.931, Over 2.5: 51.8%

## [[fifwc-prt-uzb-2026-06-23|Portugal vs. Uzbekistan]] (2026-06-23)

| Quelle | Portugal | Remis | Uzbekistan |
|---|---|---|---|
| Markt | 82.1% | 12.4% | 5.5% |
| Buchmacher (pinnacle) | 83.1% | 12.1% | 4.8% |
| Modell | 66.3% | 22.2% | 11.5% |
| **Ensemble** | **79.8%** | **14.1%** | **6.1%** |

Top-Ergebnis: **2:0** (11.6%), xG 2.788:0.714, Over 2.5: 67.9%
