# Daily Run 2026-06-28

- Start: 2026-06-28T23:31:42  |  Dauer: 33.5s
- StatsBomb: `open-data` / historical
- Spiele OK: 3 | Fehler: 0


## Kalibrierung (Brier, kumulativ)

| Quelle | Ø Brier | n |
|---|---|---|
| market | 0.4441 | 64 |
| kalshi | 0.4458 | 63 |
| ensemble | 0.4479 | 64 |
| books | 0.4511 | 62 |
| model | 0.4973 | 64 |
| whale | 0.5379 | 59 |

## [[fifwc-bra-jpn-2026-06-29|Brazil vs. Japan]] (2026-06-29)

| Quelle | Brazil | Remis | Japan |
|---|---|---|---|
| Markt | 56.7% | 25.1% | 18.2% |
| Buchmacher (pinnacle) | 56.4% | 25.5% | 18.1% |
| Modell | 59.7% | 23.0% | 17.3% |
| **Ensemble** | **62.8%** | **21.7%** | **15.5%** |

Top-Ergebnis: **1:1** (11.5%), xG 1.854:0.952, Over 2.5: 52.8%

## [[fifwc-ger-par-2026-06-29|Germany vs. Paraguay]] (2026-06-29)

| Quelle | Germany | Remis | Paraguay |
|---|---|---|---|
| Markt | 73.9% | 17.6% | 8.5% |
| Buchmacher (pinnacle) | 72.9% | 17.7% | 9.3% |
| Modell | 57.5% | 24.4% | 18.0% |
| **Ensemble** | **73.4%** | **16.8%** | **9.8%** |

Top-Ergebnis: **2:0** (12.0%), xG 2.268:0.767, Over 2.5: 58.5%

## [[fifwc-nld-mar-2026-06-29|Netherlands vs. Morocco]] (2026-06-29)

| Quelle | Netherlands | Remis | Morocco |
|---|---|---|---|
| Markt | 42.9% | 31.0% | 26.1% |
| Buchmacher (pinnacle) | 42.1% | 31.2% | 26.7% |
| Modell | 46.0% | 26.3% | 27.7% |
| **Ensemble** | **45.0%** | **31.8%** | **23.2%** |

Top-Ergebnis: **1:1** (14.1%), xG 1.364:1.023, Over 2.5: 42.4%
