# Daily Run 2026-07-06

- Start: 2026-07-06T16:52:39  |  Dauer: 25.6s
- StatsBomb: `open-data` / historical
- Spiele OK: 4 | Fehler: 0

> ⚠️ FBref-Cache aelter als 20h; Daily nutzt stale Form statt Live-Fetch zu blockieren.

## Kalibrierung (Brier, kumulativ)

| Quelle | Ø Brier | n |
|---|---|---|
| ensemble | 0.4401 | 81 |
| market | 0.444 | 81 |
| kalshi | 0.4458 | 63 |
| books | 0.4525 | 78 |
| model | 0.4844 | 81 |
| whale | 0.5085 | 76 |

## [[fifwc-arg-egy-2026-07-07|Argentina vs. Egypt]] (2026-07-07)

| Quelle | Argentina | Remis | Egypt |
|---|---|---|---|
| Markt | 70.4% | 20.2% | 9.4% |
| Buchmacher (pinnacle) | 71.3% | 19.4% | 9.2% |
| Modell | 82.3% | 13.5% | 4.1% |
| **Ensemble** | **77.3%** | **15.8%** | **6.8%** |

Top-Ergebnis: **2:0** (13.9%), xG 2.246:0.629, Over 2.5: 54.9%

## [[fifwc-che-col-2026-07-07|Switzerland vs. Colombia]] (2026-07-07)

| Quelle | Switzerland | Remis | Colombia |
|---|---|---|---|
| Markt | 26.4% | 31.3% | 42.3% |
| Buchmacher (pinnacle) | 26.4% | 31.1% | 42.5% |
| Modell | 32.3% | 27.6% | 40.1% |
| **Ensemble** | **25.1%** | **26.7%** | **48.1%** |

Top-Ergebnis: **1:1** (14.1%), xG 1.018:1.297, Over 2.5: 40.6%

## [[fifwc-prt-esp-2026-07-06|Portugal vs. Spain]] (2026-07-06)

| Quelle | Portugal | Remis | Spain |
|---|---|---|---|
| Markt | 22.4% | 26.4% | 51.2% |
| Buchmacher (pinnacle) | 22.5% | 26.9% | 50.6% |
| Modell | 21.6% | 25.7% | 52.7% |
| **Ensemble** | **20.0%** | **24.2%** | **55.8%** |

Top-Ergebnis: **1:1** (12.5%), xG 1.048:1.71, Over 2.5: 51.6%

## [[fifwc-usa-bel-2026-07-06|United States vs. Belgium]] (2026-07-06)

| Quelle | United States | Remis | Belgium |
|---|---|---|---|
| Markt | 38.7% | 27.6% | 33.7% |
| Buchmacher (pinnacle) | 38.8% | 27.9% | 33.3% |
| Modell | 27.4% | 27.5% | 45.1% |
| **Ensemble** | **37.4%** | **26.4%** | **36.2%** |

Top-Ergebnis: **1:1** (13.1%), xG 1.379:1.374, Over 2.5: 51.8%
