# Daily Run 2026-06-24

- Start: 2026-06-24T23:00:05  |  Dauer: 113.1s
- StatsBomb: `open-data` / historical
- Spiele OK: 12 | Fehler: 0


## Kalibrierung (Brier, kumulativ)

| Quelle | Ø Brier | n |
|---|---|---|
| kalshi | 0.473 | 42 |
| market | 0.4753 | 42 |
| books | 0.4803 | 41 |
| ensemble | 0.4825 | 42 |
| model | 0.5365 | 42 |
| whale | 0.5702 | 37 |

## [[fifwc-bih-qat-2026-06-24|Bosnia-Herzegovina vs. Qatar]] (2026-06-24)

| Quelle | Bosnia and Herzegovina | Remis | Qatar |
|---|---|---|---|
| Markt | 99.9% | 0.1% | 0.1% |
| Modell | 56.6% | 25.5% | 17.9% |
| **Ensemble** | **87.7%** | **7.2%** | **5.1%** |

Top-Ergebnis: **3:0** (14.6%), xG 3.074:0.407, Over 2.5: 66.9%

## [[fifwc-che-can-2026-06-24|Switzerland vs. Canada]] (2026-06-24)

| Quelle | Switzerland | Remis | Canada |
|---|---|---|---|
| Markt | 99.9% | 0.0% | 0.0% |
| Buchmacher (pinnacle) | 77.6% | 19.7% | 2.7% |
| Modell | 38.2% | 28.5% | 33.2% |
| **Ensemble** | **81.3%** | **11.0%** | **7.6%** |

Top-Ergebnis: **3:0** (14.2%), xG 3.12:0.435, Over 2.5: 68.2%

## [[fifwc-cze-mex-2026-06-24|Czechia vs. Mexico]] (2026-06-24)

| Quelle | Czech Republic | Remis | Mexico |
|---|---|---|---|
| Markt | 25.4% | 24.4% | 50.2% |
| Buchmacher (pinnacle) | 25.9% | 24.7% | 49.4% |
| Modell | 11.9% | 21.6% | 66.5% |
| **Ensemble** | **19.4%** | **20.7%** | **59.9%** |

Top-Ergebnis: **1:1** (11.3%), xG 1.202:1.938, Over 2.5: 60.5%

## [[fifwc-ecu-ger-2026-06-25|Ecuador vs. Germany]] (2026-06-25)

| Quelle | Ecuador | Remis | Germany |
|---|---|---|---|
| Markt | 24.4% | 22.4% | 53.2% |
| Buchmacher (pinnacle) | 25.2% | 22.1% | 52.7% |
| Modell | 20.5% | 26.2% | 53.3% |
| **Ensemble** | **20.8%** | **20.3%** | **58.9%** |

Top-Ergebnis: **1:1** (10.5%), xG 1.337:2.059, Over 2.5: 65.3%

## [[fifwc-jpn-swe-2026-06-25|Japan vs. Sweden]] (2026-06-25)

| Quelle | Japan | Remis | Sweden |
|---|---|---|---|
| Markt | 52.2% | 26.4% | 21.4% |
| Buchmacher (pinnacle) | 52.2% | 27.1% | 20.8% |
| Modell | 57.4% | 24.0% | 18.7% |
| **Ensemble** | **58.5%** | **23.4%** | **18.1%** |

Top-Ergebnis: **1:1** (11.5%), xG 1.742:1.026, Over 2.5: 52.5%

## [[fifwc-kor-civ-2026-06-25|Curaçao vs. Côte d'Ivoire]] (2026-06-25)

| Quelle | Curacao | Remis | Ivory Coast |
|---|---|---|---|
| Markt | 5.5% | 11.4% | 83.1% |
| Buchmacher (pinnacle) | 4.6% | 11.0% | 84.4% |
| Modell | 17.3% | 25.8% | 56.9% |
| **Ensemble** | **7.0%** | **14.4%** | **78.6%** |

Top-Ergebnis: **0:2** (10.5%), xG 0.812:2.903, Over 2.5: 71.4%

## [[fifwc-mar-hai-2026-06-24|Morocco vs. Haiti]] (2026-06-24)

| Quelle | Morocco | Remis | Haiti |
|---|---|---|---|
| Markt | 80.1% | 13.4% | 6.5% |
| Buchmacher (pinnacle) | 80.9% | 12.6% | 6.5% |
| Modell | 72.8% | 19.7% | 7.5% |
| **Ensemble** | **79.0%** | **13.8%** | **7.2%** |

Top-Ergebnis: **2:0** (12.1%), xG 2.713:0.713, Over 2.5: 65.7%

## [[fifwc-par-aus-2026-06-25|Paraguay vs. Australia]] (2026-06-25)

| Quelle | Paraguay | Remis | Australia |
|---|---|---|---|
| Markt | 33.7% | 42.7% | 23.6% |
| Buchmacher (pinnacle) | 34.5% | 42.7% | 22.8% |
| Modell | 36.4% | 29.7% | 33.9% |
| **Ensemble** | **30.7%** | **46.8%** | **22.6%** |

Top-Ergebnis: **0:0** (23.6%), xG 0.834:0.679, Over 2.5: 19.8%

## [[fifwc-rsa-kr-2026-06-24|South Africa vs. Korea Republic]] (2026-06-24)

| Quelle | South Africa | Remis | South Korea |
|---|---|---|---|
| Markt | 15.4% | 23.4% | 61.2% |
| Buchmacher (pinnacle) | 15.6% | 24.0% | 60.4% |
| Modell | 15.7% | 26.0% | 58.4% |
| **Ensemble** | **13.9%** | **21.7%** | **64.4%** |

Top-Ergebnis: **0:1** (11.2%), xG 0.861:1.897, Over 2.5: 52.2%

## [[fifwc-sco-bra-2026-06-24|Scotland vs. Brazil]] (2026-06-24)

| Quelle | Scotland | Remis | Brazil |
|---|---|---|---|
| Markt | 8.5% | 16.6% | 74.9% |
| Buchmacher (pinnacle) | 8.7% | 17.2% | 74.2% |
| Modell | 9.9% | 20.6% | 69.6% |
| **Ensemble** | **7.7%** | **15.5%** | **76.9%** |

Top-Ergebnis: **0:2** (11.8%), xG 0.769:2.456, Over 2.5: 62.4%

## [[fifwc-tun-nld-2026-06-25|Tunisia vs. Netherlands]] (2026-06-25)

| Quelle | Tunisia | Remis | Netherlands |
|---|---|---|---|
| Markt | 3.5% | 9.4% | 87.0% |
| Buchmacher (pinnacle) | 3.1% | 7.7% | 89.2% |
| Modell | 3.7% | 12.0% | 84.4% |
| **Ensemble** | **3.0%** | **8.3%** | **88.6%** |

Top-Ergebnis: **0:3** (12.7%), xG 0.595:3.201, Over 2.5: 72.9%

## [[fifwc-tur-usa-2026-06-25|Türkiye vs. United States]] (2026-06-25)

| Quelle | Turkey | Remis | United States |
|---|---|---|---|
| Markt | 26.4% | 22.4% | 51.2% |
| Buchmacher (pinnacle) | 27.3% | 22.7% | 50.0% |
| Modell | 23.5% | 28.3% | 48.2% |
| **Ensemble** | **24.2%** | **21.0%** | **54.8%** |

Top-Ergebnis: **1:1** (10.3%), xG 1.415:2.018, Over 2.5: 66.1%
