# Daily Run 2026-07-05

- Start: 2026-07-05T10:23:36  |  Dauer: 22.5s
- StatsBomb: `open-data` / historical
- Spiele OK: 4 | Fehler: 0

> ⚠️ FBref-Cache aelter als 20h; Daily nutzt stale Form statt Live-Fetch zu blockieren.

## Kalibrierung (Brier, kumulativ)

| Quelle | Ø Brier | n |
|---|---|---|
| ensemble | 0.4302 | 79 |
| market | 0.435 | 79 |
| books | 0.4439 | 76 |
| kalshi | 0.4458 | 63 |
| model | 0.4766 | 79 |
| whale | 0.4888 | 74 |

## [[fifwc-bra-nor-2026-07-05|Brazil vs. Norway]] (2026-07-05)

| Quelle | Brazil | Remis | Norway |
|---|---|---|---|
| Markt | 54.2% | 26.4% | 19.4% |
| Buchmacher (pinnacle) | 53.8% | 25.8% | 20.4% |
| Modell | 62.0% | 22.0% | 16.1% |
| **Ensemble** | **61.3%** | **21.6%** | **17.1%** |

Top-Ergebnis: **1:1** (12.0%), xG 1.782:0.944, Over 2.5: 51.1%

## [[fifwc-mex-eng-2026-07-05|Mexico vs. England]] (2026-07-05)

| Quelle | Mexico | Remis | England |
|---|---|---|---|
| Markt | 29.6% | 30.7% | 39.7% |
| Buchmacher (pinnacle) | 29.8% | 30.6% | 39.5% |
| Modell | 28.7% | 26.0% | 45.4% |
| **Ensemble** | **32.6%** | **25.3%** | **42.1%** |

Top-Ergebnis: **1:1** (13.9%), xG 1.104:1.347, Over 2.5: 44.6%

## [[fifwc-prt-esp-2026-07-06|Portugal vs. Spain]] (2026-07-06)

| Quelle | Portugal | Remis | Spain |
|---|---|---|---|
| Markt | 23.2% | 26.1% | 50.7% |
| Buchmacher (pinnacle) | 23.3% | 25.4% | 51.3% |
| Modell | 21.6% | 25.7% | 52.7% |
| **Ensemble** | **21.2%** | **22.2%** | **56.5%** |

Top-Ergebnis: **1:1** (12.2%), xG 1.093:1.727, Over 2.5: 53.5%

## [[fifwc-usa-bel-2026-07-06|United States vs. Belgium]] (2026-07-06)

| Quelle | United States | Remis | Belgium |
|---|---|---|---|
| Markt | 34.7% | 28.6% | 36.7% |
| Buchmacher (pinnacle) | 35.8% | 27.5% | 36.8% |
| Modell | 27.4% | 27.5% | 45.1% |
| **Ensemble** | **29.6%** | **24.4%** | **46.1%** |

Top-Ergebnis: **1:1** (12.9%), xG 1.268:1.393, Over 2.5: 49.7%
