# Daily Run 2026-06-17

- Start: 2026-06-17T10:33:45  |  Dauer: 317.6s
- StatsBomb: `open-data` / historical
- Spiele OK: 8 | Fehler: 0

> ⚠️ FBref/soccerdata-Fehler: Could not download https://fbref.com/en/comps/1/schedule/World-Cup-Scores-and-Fixtures.

## Kalibrierung (Brier, kumulativ)

| Quelle | Ø Brier | n |
|---|---|---|
| kalshi | 0.5854 | 16 |
| market | 0.5893 | 16 |
| books | 0.5906 | 16 |
| ensemble | 0.6098 | 16 |
| model | 0.6792 | 16 |
| whale | 0.8013 | 11 |

## [[fifwc-can-qat-2026-06-18|Canada vs. Qatar]] (2026-06-18)

| Quelle | Canada | Remis | Qatar |
|---|---|---|---|
| Markt | 75.1% | 16.4% | 8.5% |
| Buchmacher (pinnacle) | 75.9% | 16.2% | 7.9% |
| Modell | 73.8% | 19.3% | 7.0% |
| **Ensemble** | **77.0%** | **15.7%** | **7.2%** |

Top-Ergebnis: **2:0** (12.5%), xG 2.464:0.726, Over 2.5: 61.3%

## [[fifwc-che-bih-2026-06-18|Switzerland vs. Bosnia-Herzegovina]] (2026-06-18)

| Quelle | Switzerland | Remis | Bosnia and Herzegovina |
|---|---|---|---|
| Markt | 62.2% | 23.4% | 14.4% |
| Modell | 60.3% | 24.8% | 14.9% |
| **Ensemble** | **64.8%** | **21.4%** | **13.8%** |

Top-Ergebnis: **1:0** (11.7%), xG 1.895:0.827, Over 2.5: 51.0%

## [[fifwc-cze-rsa-2026-06-18|Czechia vs. South Africa]] (2026-06-18)

| Quelle | Czech Republic | Remis | South Africa |
|---|---|---|---|
| Markt | 54.2% | 25.4% | 20.4% |
| Buchmacher (pinnacle) | 54.9% | 24.8% | 20.4% |
| Modell | 56.1% | 26.0% | 18.0% |
| **Ensemble** | **58.5%** | **22.7%** | **18.8%** |

Top-Ergebnis: **1:1** (12.4%), xG 1.773:1.0, Over 2.5: 51.9%

## [[fifwc-eng-hrv-2026-06-17|England vs. Croatia]] (2026-06-17)

| Quelle | England | Remis | Croatia |
|---|---|---|---|
| Markt | 56.8% | 25.6% | 17.6% |
| Buchmacher (pinnacle) | 56.7% | 25.1% | 18.2% |
| Modell | 56.0% | 21.9% | 22.1% |
| **Ensemble** | **58.9%** | **21.9%** | **19.2%** |

Top-Ergebnis: **1:1** (11.8%), xG 1.837:0.982, Over 2.5: 53.3%

## [[fifwc-gha-pan-2026-06-17|Ghana vs. Panama]] (2026-06-17)

| Quelle | Ghana | Remis | Panama |
|---|---|---|---|
| Markt | 41.3% | 29.4% | 29.4% |
| Buchmacher (pinnacle) | 41.2% | 29.5% | 29.4% |
| Modell | 16.6% | 25.4% | 58.0% |
| **Ensemble** | **39.9%** | **25.1%** | **34.9%** |

Top-Ergebnis: **1:1** (13.6%), xG 1.259:1.249, Over 2.5: 46.0%

## [[fifwc-mex-kr-2026-06-18|Mexico vs. Korea Republic]] (2026-06-18)

| Quelle | Mexico | Remis | South Korea |
|---|---|---|---|
| Markt | 47.8% | 28.1% | 24.1% |
| Buchmacher (pinnacle) | 48.0% | 28.5% | 23.5% |
| Modell | 56.6% | 24.7% | 18.7% |
| **Ensemble** | **46.6%** | **24.2%** | **29.2%** |

Top-Ergebnis: **1:1** (13.2%), xG 1.588:1.027, Over 2.5: 48.0%

## [[fifwc-prt-cdr-2026-06-17|Portugal vs. DR Congo]] (2026-06-17)

| Quelle | Portugal | Remis | DR Congo |
|---|---|---|---|
| Markt | 75.1% | 17.4% | 7.5% |
| Buchmacher (pinnacle) | 75.2% | 17.0% | 7.8% |
| Modell | 70.5% | 20.8% | 8.7% |
| **Ensemble** | **73.9%** | **19.2%** | **6.9%** |

Top-Ergebnis: **2:0** (13.5%), xG 2.281:0.629, Over 2.5: 55.8%

## [[fifwc-uzb-col-2026-06-17|Uzbekistan vs. Colombia]] (2026-06-17)

| Quelle | Uzbekistan | Remis | Colombia |
|---|---|---|---|
| Markt | 9.5% | 19.6% | 70.9% |
| Buchmacher (pinnacle) | 9.6% | 19.0% | 71.4% |
| Modell | 13.5% | 20.7% | 65.8% |
| **Ensemble** | **9.2%** | **19.4%** | **71.3%** |

Top-Ergebnis: **0:2** (12.8%), xG 0.749:2.19, Over 2.5: 55.8%
