# Daily Run 2026-07-02

- Start: 2026-07-02T09:30:03  |  Dauer: 40.3s
- StatsBomb: `open-data` / historical
- Spiele OK: 6 | Fehler: 0

> ⚠️ FBref-Cache aelter als 20h; Daily nutzt stale Form statt Live-Fetch zu blockieren.

## Kalibrierung (Brier, kumulativ)

| Quelle | Ø Brier | n |
|---|---|---|
| kalshi | 0.4458 | 63 |
| ensemble | 0.4511 | 72 |
| market | 0.4521 | 72 |
| books | 0.4632 | 69 |
| model | 0.4932 | 72 |
| whale | 0.5331 | 67 |

## [[fifwc-arg-cvi-2026-07-03|Argentina vs. Cabo Verde]] (2026-07-03)

| Quelle | Argentina | Remis | Cabo Verde |
|---|---|---|---|
| Markt | 84.2% | 11.5% | 4.3% |
| Modell | 88.5% | 10.0% | 1.5% |
| **Ensemble** | **88.0%** | **9.1%** | **2.9%** |

Top-Ergebnis: **2:0** (14.1%), xG 2.927:0.497, Over 2.5: 66.1%

## [[fifwc-aus-egy-2026-07-03|Australia vs. Egypt]] (2026-07-03)

| Quelle | Australia | Remis | Egypt |
|---|---|---|---|
| Markt | 28.4% | 33.3% | 38.3% |
| Buchmacher (pinnacle) | 28.3% | 33.1% | 38.5% |
| Modell | 34.6% | 30.9% | 34.5% |
| **Ensemble** | **26.1%** | **35.6%** | **38.3%** |

Top-Ergebnis: **1:1** (14.5%), xG 0.959:1.116, Over 2.5: 34.7%

## [[fifwc-che-alg-2026-07-02|Switzerland vs. Algeria]] (2026-07-02)

| Quelle | Switzerland | Remis | Algeria |
|---|---|---|---|
| Markt | 47.5% | 29.9% | 22.6% |
| Buchmacher (pinnacle) | 48.2% | 29.6% | 22.2% |
| Modell | 54.5% | 25.0% | 20.5% |
| **Ensemble** | **56.4%** | **24.7%** | **19.0%** |

Top-Ergebnis: **1:1** (13.6%), xG 1.483:0.924, Over 2.5: 43.3%

## [[fifwc-col-gha-2026-07-03|Colombia vs. Ghana]] (2026-07-03)

| Quelle | Colombia | Remis | Ghana |
|---|---|---|---|
| Markt | 63.5% | 24.1% | 12.3% |
| Buchmacher (pinnacle) | 63.9% | 23.6% | 12.5% |
| Modell | 77.3% | 17.7% | 4.9% |
| **Ensemble** | **71.7%** | **19.2%** | **9.1%** |

Top-Ergebnis: **1:0** (14.6%), xG 1.881:0.619, Over 2.5: 45.8%

## [[fifwc-esp-aut-2026-07-02|Spain vs. Austria]] (2026-07-02)

| Quelle | Spain | Remis | Austria |
|---|---|---|---|
| Markt | 74.2% | 17.9% | 7.9% |
| Buchmacher (pinnacle) | 73.0% | 18.1% | 9.0% |
| Modell | 76.7% | 15.9% | 7.4% |
| **Ensemble** | **77.4%** | **15.4%** | **7.2%** |

Top-Ergebnis: **2:0** (13.1%), xG 2.373:0.668, Over 2.5: 58.4%

## [[fifwc-prt-hrv-2026-07-02|Portugal vs. Croatia]] (2026-07-02)

| Quelle | Portugal | Remis | Croatia |
|---|---|---|---|
| Markt | 55.3% | 26.3% | 18.4% |
| Buchmacher (pinnacle) | 55.6% | 25.8% | 18.6% |
| Modell | 51.8% | 24.3% | 23.9% |
| **Ensemble** | **58.5%** | **23.8%** | **17.7%** |

Top-Ergebnis: **1:1** (12.1%), xG 1.731:0.973, Over 2.5: 50.6%
