# Daily Run 2026-06-27

- Start: 2026-06-27T23:00:05  |  Dauer: 35.2s
- StatsBomb: `open-data` / historical
- Spiele OK: 7 | Fehler: 0


## Kalibrierung (Brier, kumulativ)

| Quelle | Ø Brier | n |
|---|---|---|
| kalshi | 0.4547 | 58 |
| market | 0.4562 | 58 |
| ensemble | 0.4624 | 58 |
| books | 0.464 | 56 |
| model | 0.5138 | 58 |
| whale | 0.5631 | 53 |

## [[fifwc-alg-aut-2026-06-27|Algeria vs. Austria]] (2026-06-27)

| Quelle | Algeria | Remis | Austria |
|---|---|---|---|
| Markt | 26.9% | 47.2% | 25.9% |
| Buchmacher (pinnacle) | 26.9% | 47.9% | 25.2% |
| Modell | 27.1% | 27.5% | 45.4% |
| **Ensemble** | **23.9%** | **49.0%** | **27.1%** |

Top-Ergebnis: **0:0** (26.9%), xG 0.659:0.718, Over 2.5: 16.2%

## [[fifwc-cdr-uzb-2026-06-27|DR Congo vs. Uzbekistan]] (2026-06-27)

| Quelle | DR Congo | Remis | Uzbekistan |
|---|---|---|---|
| Markt | 57.2% | 24.4% | 18.4% |
| Buchmacher (pinnacle) | 56.8% | 24.6% | 18.6% |
| Modell | 39.1% | 28.7% | 32.2% |
| **Ensemble** | **58.0%** | **22.5%** | **19.4%** |

Top-Ergebnis: **1:1** (12.1%), xG 1.777:1.059, Over 2.5: 53.7%

## [[fifwc-col-prt-2026-06-27|Colombia vs. Portugal]] (2026-06-27)

| Quelle | Colombia | Remis | Portugal |
|---|---|---|---|
| Markt | 28.4% | 24.4% | 47.3% |
| Buchmacher (pinnacle) | 28.6% | 24.1% | 47.3% |
| Modell | 34.6% | 27.2% | 38.1% |
| **Ensemble** | **27.9%** | **21.8%** | **50.4%** |

Top-Ergebnis: **1:1** (10.8%), xG 1.419:1.784, Over 2.5: 62.0%

## [[fifwc-hrv-gha-2026-06-27|Croatia vs. Ghana]] (2026-06-27)

| Quelle | Croatia | Remis | Ghana |
|---|---|---|---|
| Markt | 53.8% | 29.6% | 16.6% |
| Buchmacher (pinnacle) | 54.6% | 29.3% | 16.1% |
| Modell | 70.0% | 19.8% | 10.2% |
| **Ensemble** | **62.7%** | **24.0%** | **13.3%** |

Top-Ergebnis: **1:0** (14.9%), xG 1.574:0.69, Over 2.5: 39.2%

## [[fifwc-jor-arg-2026-06-27|Jordan vs. Argentina]] (2026-06-27)

| Quelle | Jordan | Remis | Argentina |
|---|---|---|---|
| Markt | 4.3% | 9.5% | 86.2% |
| Buchmacher (pinnacle) | 4.4% | 10.2% | 85.4% |
| Modell | 0.9% | 6.3% | 92.8% |
| **Ensemble** | **3.2%** | **8.1%** | **88.7%** |

Top-Ergebnis: **0:3** (11.5%), xG 0.675:3.446, Over 2.5: 77.5%

## [[fifwc-pan-eng-2026-06-27|Panama vs. England]] (2026-06-27)

| Quelle | Panama | Remis | England |
|---|---|---|---|
| Markt | 4.5% | 10.4% | 85.1% |
| Buchmacher (pinnacle) | 5.5% | 10.3% | 84.2% |
| Modell | 5.5% | 16.1% | 78.4% |
| **Ensemble** | **4.4%** | **10.2%** | **85.4%** |

Top-Ergebnis: **0:3** (11.4%), xG 0.677:3.064, Over 2.5: 71.8%

## [[fifwc-rsa-can-2026-06-28|South Africa vs. Canada]] (2026-06-28)

| Quelle | South Africa | Remis | Canada |
|---|---|---|---|
| Markt | 16.6% | 27.6% | 55.8% |
| Buchmacher (pinnacle) | 17.3% | 27.0% | 55.7% |
| Modell | 12.5% | 23.5% | 64.0% |
| **Ensemble** | **13.8%** | **22.4%** | **63.8%** |

Top-Ergebnis: **0:1** (14.1%), xG 0.739:1.633, Over 2.5: 42.4%
