# Daily Run 2026-06-19

- Start: 2026-06-19T16:00:02  |  Dauer: 34.7s
- StatsBomb: `open-data` / historical
- Spiele OK: 7 | Fehler: 0


## Kalibrierung (Brier, kumulativ)

| Quelle | Ø Brier | n |
|---|---|---|
| kalshi | 0.5164 | 23 |
| market | 0.5196 | 23 |
| books | 0.5336 | 22 |
| ensemble | 0.5359 | 23 |
| model | 0.6071 | 23 |
| whale | 0.6492 | 18 |

## [[fifwc-bra-hai-2026-06-19|Brazil vs. Haiti]] (2026-06-19)

| Quelle | Brazil | Remis | Haiti |
|---|---|---|---|
| Markt | 88.3% | 7.9% | 3.7% |
| Buchmacher (pinnacle) | 88.2% | 8.5% | 3.3% |
| Modell | 86.7% | 11.0% | 2.3% |
| **Ensemble** | **89.3%** | **7.8%** | **2.9%** |

Top-Ergebnis: **3:0** (11.7%), xG 3.41:0.601, Over 2.5: 75.6%

## [[fifwc-ecu-kor-2026-06-20|Ecuador vs. Curaçao]] (2026-06-20)

| Quelle | Ecuador | Remis | Curacao |
|---|---|---|---|
| Markt | 86.7% | 9.4% | 3.9% |
| Buchmacher (pinnacle) | 88.5% | 8.5% | 3.0% |
| Modell | 70.7% | 20.6% | 8.8% |
| **Ensemble** | **84.0%** | **11.1%** | **4.9%** |

Top-Ergebnis: **3:0** (10.8%), xG 3.174:0.697, Over 2.5: 73.7%

## [[fifwc-ger-civ-2026-06-20|Germany vs. Côte d'Ivoire]] (2026-06-20)

| Quelle | Germany | Remis | Ivory Coast |
|---|---|---|---|
| Markt | 63.2% | 20.4% | 16.4% |
| Buchmacher (pinnacle) | 63.4% | 19.9% | 16.8% |
| Modell | 64.3% | 22.2% | 13.5% |
| **Ensemble** | **67.2%** | **18.3%** | **14.5%** |

Top-Ergebnis: **1:1** (9.4%), xG 2.281:1.086, Over 2.5: 65.0%

## [[fifwc-nld-swe-2026-06-20|Netherlands vs. Sweden]] (2026-06-20)

| Quelle | Netherlands | Remis | Sweden |
|---|---|---|---|
| Markt | 55.2% | 24.4% | 20.4% |
| Buchmacher (pinnacle) | 55.4% | 23.8% | 20.9% |
| Modell | 51.1% | 25.9% | 23.0% |
| **Ensemble** | **59.9%** | **21.6%** | **18.5%** |

Top-Ergebnis: **1:1** (11.4%), xG 1.853:1.084, Over 2.5: 56.0%

## [[fifwc-sco-mar-2026-06-19|Scotland vs. Morocco]] (2026-06-19)

| Quelle | Scotland | Remis | Morocco |
|---|---|---|---|
| Markt | 16.4% | 26.4% | 57.2% |
| Buchmacher (pinnacle) | 15.9% | 25.9% | 58.2% |
| Modell | 31.9% | 29.5% | 38.6% |
| **Ensemble** | **18.3%** | **24.7%** | **57.0%** |

Top-Ergebnis: **1:1** (12.5%), xG 0.881:1.598, Over 2.5: 44.9%

## [[fifwc-tur-par-2026-06-19|Türkiye vs. Paraguay]] (2026-06-19)

| Quelle | Turkey | Remis | Paraguay |
|---|---|---|---|
| Markt | 46.7% | 28.6% | 24.6% |
| Buchmacher (pinnacle) | 47.2% | 28.1% | 24.6% |
| Modell | 43.1% | 28.1% | 28.8% |
| **Ensemble** | **52.9%** | **24.7%** | **22.3%** |

Top-Ergebnis: **1:1** (13.6%), xG 1.486:1.059, Over 2.5: 46.8%

## [[fifwc-usa-aus-2026-06-19|United States vs. Australia]] (2026-06-19)

| Quelle | United States | Remis | Australia |
|---|---|---|---|
| Markt | 60.8% | 21.6% | 17.6% |
| Buchmacher (pinnacle) | 60.5% | 20.9% | 18.6% |
| Modell | 38.0% | 29.8% | 32.2% |
| **Ensemble** | **57.9%** | **22.5%** | **19.7%** |

Top-Ergebnis: **1:1** (10.9%), xG 2.012:1.128, Over 2.5: 60.4%
