# Daily Run 2026-07-04

- Start: 2026-07-04T23:00:04  |  Dauer: 19.3s
- StatsBomb: `open-data` / historical
- Spiele OK: 3 | Fehler: 0

> ⚠️ FBref-Cache aelter als 20h; Daily nutzt stale Form statt Live-Fetch zu blockieren.

## Kalibrierung (Brier, kumulativ)

| Quelle | Ø Brier | n |
|---|---|---|
| ensemble | 0.4352 | 78 |
| market | 0.44 | 78 |
| kalshi | 0.4458 | 63 |
| books | 0.4491 | 75 |
| model | 0.4814 | 78 |
| whale | 0.4955 | 73 |

## [[fifwc-bra-nor-2026-07-05|Brazil vs. Norway]] (2026-07-05)

| Quelle | Brazil | Remis | Norway |
|---|---|---|---|
| Markt | 53.2% | 26.4% | 20.4% |
| Buchmacher (pinnacle) | 53.3% | 25.4% | 21.3% |
| Modell | 62.0% | 22.0% | 16.1% |
| **Ensemble** | **60.3%** | **21.9%** | **17.8%** |

Top-Ergebnis: **1:1** (11.9%), xG 1.784:0.984, Over 2.5: 52.2%

## [[fifwc-mex-eng-2026-07-05|Mexico vs. England]] (2026-07-05)

| Quelle | Mexico | Remis | England |
|---|---|---|---|
| Markt | 30.3% | 30.3% | 39.3% |
| Buchmacher (pinnacle) | 30.2% | 29.5% | 40.3% |
| Modell | 28.7% | 26.0% | 45.4% |
| **Ensemble** | **28.8%** | **24.7%** | **46.5%** |

Top-Ergebnis: **1:1** (13.7%), xG 1.151:1.369, Over 2.5: 46.0%

## [[fifwc-par-fra-2026-07-04|Paraguay vs. France]] (2026-07-04)

| Quelle | Paraguay | Remis | France |
|---|---|---|---|
| Markt | 5.5% | 13.4% | 81.1% |
| Buchmacher (pinnacle) | 5.2% | 14.0% | 80.8% |
| Modell | 6.9% | 18.0% | 75.2% |
| **Ensemble** | **4.9%** | **12.7%** | **82.4%** |

Top-Ergebnis: **0:2** (13.1%), xG 0.626:2.671, Over 2.5: 63.7%
