# Daily Run 2026-06-14

- Start: 2026-06-14T12:45:38  |  Dauer: 33.8s
- StatsBomb: `open-data` / historical
- Spiele OK: 8 | Fehler: 0


## Kalibrierung (Brier, kumulativ)

| Quelle | Ø Brier | n |
|---|---|---|
| whale | 0.7188 | 4 |
| ensemble | 0.7997 | 5 |
| kalshi | 0.8034 | 5 |
| books | 0.8056 | 5 |
| market | 0.8117 | 5 |
| model | 0.9105 | 5 |

## [[fifwc-bel-egy-2026-06-15|Belgium vs. Egypt]] (2026-06-15)

| Quelle | Belgium | Remis | Egypt |
|---|---|---|---|
| Markt | 59.6% | 24.1% | 16.3% |
| Buchmacher (pinnacle) | 59.6% | 23.8% | 16.7% |
| Modell | 58.7% | 24.5% | 16.8% |
| **Ensemble** | **62.6%** | **21.5%** | **15.9%** |

Top-Ergebnis: **1:1** (11.7%), xG 1.893:0.906, Over 2.5: 52.6%

## [[fifwc-civ-ecu-2026-06-14|Côte d'Ivoire vs. Ecuador]] (2026-06-14)

| Quelle | Ivory Coast | Remis | Ecuador |
|---|---|---|---|
| Markt | 29.4% | 33.3% | 37.3% |
| Buchmacher (pinnacle) | 29.0% | 33.7% | 37.3% |
| Modell | 14.9% | 24.7% | 60.4% |
| **Ensemble** | **34.7%** | **27.4%** | **37.9%** |

Top-Ergebnis: **1:1** (13.9%), xG 0.903:1.228, Over 2.5: 36.0%

## [[fifwc-esp-cvi-2026-06-15|Spain vs. Cabo Verde]] (2026-06-15)

| Quelle | Spain | Remis | Cabo Verde |
|---|---|---|---|
| Markt | 89.8% | 7.0% | 3.3% |
| Modell | 89.8% | 8.7% | 1.5% |
| **Ensemble** | **89.0%** | **7.2%** | **3.8%** |

Top-Ergebnis: **3:0** (13.2%), xG 3.369:0.48, Over 2.5: 73.4%

## [[fifwc-ger-kor-2026-06-14|Germany vs. Curaçao]] (2026-06-14)

| Quelle | Germany | Remis | Curacao |
|---|---|---|---|
| Markt | 94.1% | 3.9% | 2.0% |
| Buchmacher (pinnacle) | 93.7% | 4.2% | 2.1% |
| Modell | 81.0% | 14.3% | 4.7% |
| **Ensemble** | **81.3%** | **6.0%** | **12.8%** |

Top-Ergebnis: **3:0** (16.0%), xG 3.366:0.292, Over 2.5: 70.0%

## [[fifwc-irn-nzl-2026-06-15|IR Iran vs. New Zealand]] (2026-06-15)

| Quelle | Iran | Remis | New Zealand |
|---|---|---|---|
| Markt | 52.8% | 27.6% | 19.6% |
| Buchmacher (pinnacle) | 52.5% | 27.4% | 20.2% |
| Modell | 54.7% | 26.6% | 18.7% |
| **Ensemble** | **57.6%** | **24.0%** | **18.4%** |

Top-Ergebnis: **1:1** (12.6%), xG 1.58:0.878, Over 2.5: 44.7%

## [[fifwc-ksa-ury-2026-06-15|Saudi Arabia vs. Uruguay]] (2026-06-15)

| Quelle | Saudi Arabia | Remis | Uruguay |
|---|---|---|---|
| Markt | 11.4% | 21.4% | 67.2% |
| Buchmacher (pinnacle) | 11.8% | 21.4% | 66.8% |
| Modell | 6.9% | 18.7% | 74.4% |
| **Ensemble** | **10.5%** | **18.8%** | **70.7%** |

Top-Ergebnis: **0:2** (13.1%), xG 0.705:2.088, Over 2.5: 52.6%

## [[fifwc-nld-jpn-2026-06-14|Netherlands vs. Japan]] (2026-06-14)

| Quelle | Netherlands | Remis | Japan |
|---|---|---|---|
| Markt | 46.8% | 27.1% | 26.1% |
| Buchmacher (pinnacle) | 46.9% | 27.2% | 25.8% |
| Modell | 42.3% | 25.7% | 32.0% |
| **Ensemble** | **44.6%** | **23.4%** | **31.9%** |

Top-Ergebnis: **1:1** (12.5%), xG 1.611:1.207, Over 2.5: 53.2%

## [[fifwc-swe-tun-2026-06-14|Sweden vs. Tunisia]] (2026-06-14)

| Quelle | Sweden | Remis | Tunisia |
|---|---|---|---|
| Markt | 49.7% | 27.6% | 22.6% |
| Buchmacher (pinnacle) | 49.1% | 27.8% | 23.1% |
| Modell | 51.5% | 26.4% | 22.0% |
| **Ensemble** | **55.5%** | **23.9%** | **20.6%** |

Top-Ergebnis: **1:1** (12.6%), xG 1.601:1.011, Over 2.5: 48.2%
