# Daily Run 2026-07-06

- Start: 2026-07-06T09:00:10  |  Dauer: 46.7s
- StatsBomb: `open-data` / historical
- Spiele OK: 4 | Fehler: 0

> ⚠️ FBref-Cache aelter als 20h; Daily nutzt stale Form statt Live-Fetch zu blockieren.

## Kalibrierung (Brier, kumulativ)

| Quelle | Ø Brier | n |
|---|---|---|
| ensemble | 0.4401 | 81 |
| market | 0.444 | 81 |
| kalshi | 0.4458 | 63 |
| books | 0.4525 | 78 |
| model | 0.4844 | 81 |
| whale | 0.5085 | 76 |

## [[fifwc-arg-egy-2026-07-07|Argentina vs. Egypt]] (2026-07-07)

| Quelle | Argentina | Remis | Egypt |
|---|---|---|---|
| Markt | 70.4% | 20.2% | 9.4% |
| Buchmacher (pinnacle) | 70.3% | 20.0% | 9.7% |
| Modell | 82.3% | 13.5% | 4.1% |
| **Ensemble** | **77.2%** | **15.9%** | **6.9%** |

Top-Ergebnis: **2:0** (13.9%), xG 2.246:0.629, Over 2.5: 54.9%

## [[fifwc-che-col-2026-07-07|Switzerland vs. Colombia]] (2026-07-07)

| Quelle | Switzerland | Remis | Colombia |
|---|---|---|---|
| Markt | 26.4% | 31.3% | 42.3% |
| Buchmacher (pinnacle) | 27.3% | 31.3% | 41.4% |
| Modell | 32.3% | 27.6% | 40.1% |
| **Ensemble** | **24.9%** | **27.5%** | **47.5%** |

Top-Ergebnis: **1:1** (14.1%), xG 1.017:1.297, Over 2.5: 40.7%

## [[fifwc-prt-esp-2026-07-06|Portugal vs. Spain]] (2026-07-06)

| Quelle | Portugal | Remis | Spain |
|---|---|---|---|
| Markt | 23.4% | 26.4% | 50.2% |
| Buchmacher (pinnacle) | 23.1% | 26.8% | 50.1% |
| Modell | 21.6% | 25.7% | 52.7% |
| **Ensemble** | **20.6%** | **24.4%** | **55.0%** |

Top-Ergebnis: **1:1** (12.3%), xG 1.093:1.707, Over 2.5: 52.9%

## [[fifwc-usa-bel-2026-07-06|United States vs. Belgium]] (2026-07-06)

| Quelle | United States | Remis | Belgium |
|---|---|---|---|
| Markt | 37.9% | 28.1% | 34.0% |
| Buchmacher (pinnacle) | 37.1% | 27.5% | 35.4% |
| Modell | 27.4% | 27.5% | 45.1% |
| **Ensemble** | **34.7%** | **26.0%** | **39.3%** |

Top-Ergebnis: **1:1** (13.2%), xG 1.338:1.374, Over 2.5: 50.8%
