# Daily Run 2026-06-15

- Start: 2026-06-15T08:26:12  |  Dauer: 11.1s
- StatsBomb: `open-data` / historical
- Spiele OK: 8 | Fehler: 0


## Kalibrierung (Brier, kumulativ)

| Quelle | Ø Brier | n |
|---|---|---|
| kalshi | 0.6502 | 8 |
| ensemble | 0.6502 | 8 |
| books | 0.6547 | 8 |
| market | 0.6566 | 8 |
| whale | 0.7188 | 4 |
| model | 0.7247 | 8 |

## [[fifwc-arg-alg-2026-06-16|Argentina vs. Algeria]] (2026-06-16)

| Quelle | Argentina | Remis | Algeria |
|---|---|---|---|
| Markt | 70.1% | 20.4% | 9.5% |
| Buchmacher (pinnacle) | 69.7% | 20.7% | 9.6% |
| Modell | 78.5% | 15.3% | 6.2% |
| **Ensemble** | **71.9%** | **19.2%** | **8.8%** |

Top-Ergebnis: **2:0** (13.7%), xG 2.198:0.647, Over 2.5: 54.0%

## [[fifwc-bel-egy-2026-06-15|Belgium vs. Egypt]] (2026-06-15)

| Quelle | Belgium | Remis | Egypt |
|---|---|---|---|
| Markt | 61.2% | 23.4% | 15.4% |
| Buchmacher (pinnacle) | 60.3% | 23.6% | 16.1% |
| Modell | 58.7% | 24.5% | 16.8% |
| **Ensemble** | **60.2%** | **23.7%** | **16.1%** |

Top-Ergebnis: **2:0** (11.1%), xG 1.928:0.885, Over 2.5: 53.1%

## [[fifwc-esp-cvi-2026-06-15|Spain vs. Cabo Verde]] (2026-06-15)

| Quelle | Spain | Remis | Cabo Verde |
|---|---|---|---|
| Markt | 91.2% | 6.4% | 2.4% |
| Modell | 89.8% | 8.7% | 1.5% |
| **Ensemble** | **90.6%** | **7.3%** | **2.1%** |

Top-Ergebnis: **3:0** (14.9%), xG 3.314:0.382, Over 2.5: 70.9%

## [[fifwc-fra-sen-2026-06-16|France vs. Senegal]] (2026-06-16)

| Quelle | France | Remis | Senegal |
|---|---|---|---|
| Markt | 66.2% | 21.4% | 12.4% |
| Buchmacher (pinnacle) | 66.1% | 21.1% | 12.8% |
| Modell | 57.4% | 25.6% | 17.0% |
| **Ensemble** | **64.1%** | **22.3%** | **13.6%** |

Top-Ergebnis: **2:0** (11.6%), xG 2.004:0.818, Over 2.5: 53.2%

## [[fifwc-irn-nzl-2026-06-15|IR Iran vs. New Zealand]] (2026-06-15)

| Quelle | Iran | Remis | New Zealand |
|---|---|---|---|
| Markt | 50.2% | 28.4% | 21.4% |
| Buchmacher (pinnacle) | 50.2% | 28.7% | 21.0% |
| Modell | 54.7% | 26.6% | 18.7% |
| **Ensemble** | **51.3%** | **28.0%** | **20.6%** |

Top-Ergebnis: **1:1** (13.1%), xG 1.552:0.916, Over 2.5: 44.5%

## [[fifwc-irq-nor-2026-06-16|Iraq vs. Norway]] (2026-06-16)

| Quelle | Iraq | Remis | Norway |
|---|---|---|---|
| Markt | 5.5% | 12.4% | 82.1% |
| Buchmacher (pinnacle) | 5.5% | 12.2% | 82.3% |
| Modell | 10.8% | 22.4% | 66.8% |
| **Ensemble** | **6.7%** | **14.7%** | **78.6%** |

Top-Ergebnis: **0:2** (12.2%), xG 0.705:2.729, Over 2.5: 66.3%

## [[fifwc-ksa-ury-2026-06-15|Saudi Arabia vs. Uruguay]] (2026-06-15)

| Quelle | Saudi Arabia | Remis | Uruguay |
|---|---|---|---|
| Markt | 11.6% | 22.6% | 65.8% |
| Buchmacher (pinnacle) | 12.0% | 22.0% | 66.0% |
| Modell | 6.9% | 18.7% | 74.4% |
| **Ensemble** | **10.6%** | **21.5%** | **67.9%** |

Top-Ergebnis: **0:2** (14.0%), xG 0.659:1.998, Over 2.5: 49.4%

## [[fifwc-swe-tun-2026-06-14|Sweden vs. Tunisia]] (2026-06-14)

| Quelle | Sweden | Remis | Tunisia |
|---|---|---|---|
| Markt | 100.0% | 0.0% | 0.0% |
| Modell | 51.5% | 26.4% | 22.0% |
| **Ensemble** | **83.5%** | **9.0%** | **7.5%** |

Top-Ergebnis: **2:0** (14.1%), xG 2.947:0.488, Over 2.5: 66.0%
