# Daily Run 2026-06-20

- Start: 2026-06-20T23:00:05  |  Dauer: 39.0s
- StatsBomb: `open-data` / historical
- Spiele OK: 7 | Fehler: 0


## Kalibrierung (Brier, kumulativ)

| Quelle | Ø Brier | n |
|---|---|---|
| kalshi | 0.4846 | 28 |
| market | 0.4868 | 28 |
| books | 0.4972 | 27 |
| ensemble | 0.5029 | 28 |
| model | 0.5809 | 28 |
| whale | 0.5994 | 23 |

## [[fifwc-bel-irn-2026-06-21|Belgium vs. IR Iran]] (2026-06-21)

| Quelle | Belgium | Remis | Iran |
|---|---|---|---|
| Markt | 67.8% | 20.6% | 11.6% |
| Buchmacher (pinnacle) | 68.3% | 19.8% | 11.9% |
| Modell | 52.2% | 26.1% | 21.7% |
| **Ensemble** | **68.6%** | **19.1%** | **12.3%** |

Top-Ergebnis: **2:0** (11.3%), xG 2.072:0.851, Over 2.5: 55.9%

## [[fifwc-ecu-kor-2026-06-20|Ecuador vs. Curaçao]] (2026-06-20)

| Quelle | Ecuador | Remis | Curacao |
|---|---|---|---|
| Markt | 84.3% | 10.5% | 5.2% |
| Buchmacher (pinnacle) | 83.7% | 11.4% | 4.9% |
| Modell | 70.7% | 20.6% | 8.8% |
| **Ensemble** | **82.2%** | **11.7%** | **6.1%** |

Top-Ergebnis: **3:0** (10.0%), xG 3.136:0.789, Over 2.5: 74.5%

## [[fifwc-esp-ksa-2026-06-21|Spain vs. Saudi Arabia]] (2026-06-21)

| Quelle | Spain | Remis | Saudi Arabia |
|---|---|---|---|
| Markt | 88.4% | 8.5% | 3.1% |
| Buchmacher (pinnacle) | 89.1% | 8.1% | 2.8% |
| Modell | 91.5% | 7.6% | 1.0% |
| **Ensemble** | **90.5%** | **7.2%** | **2.2%** |

Top-Ergebnis: **3:0** (12.2%), xG 3.413:0.545, Over 2.5: 74.9%

## [[fifwc-ger-civ-2026-06-20|Germany vs. Côte d'Ivoire]] (2026-06-20)

| Quelle | Germany | Remis | Ivory Coast |
|---|---|---|---|
| Markt | 29.6% | 29.6% | 40.7% |
| Buchmacher (pinnacle) | 30.1% | 29.8% | 40.0% |
| Modell | 64.3% | 22.2% | 13.5% |
| **Ensemble** | **40.9%** | **25.2%** | **33.9%** |

Top-Ergebnis: **1:1** (13.6%), xG 1.307:1.242, Over 2.5: 46.8%

## [[fifwc-nzl-egy-2026-06-21|New Zealand vs. Egypt]] (2026-06-21)

| Quelle | New Zealand | Remis | Egypt |
|---|---|---|---|
| Markt | 16.4% | 23.4% | 60.2% |
| Buchmacher (pinnacle) | 17.3% | 22.1% | 60.6% |
| Modell | 23.4% | 27.3% | 49.3% |
| **Ensemble** | **20.5%** | **21.2%** | **58.3%** |

Top-Ergebnis: **1:1** (11.1%), xG 0.952:1.882, Over 2.5: 54.0%

## [[fifwc-tun-jpn-2026-06-21|Tunisia vs. Japan]] (2026-06-21)

| Quelle | Tunisia | Remis | Japan |
|---|---|---|---|
| Markt | 12.3% | 22.2% | 65.5% |
| Buchmacher (pinnacle) | 11.9% | 21.5% | 66.6% |
| Modell | 7.9% | 17.3% | 74.7% |
| **Ensemble** | **9.7%** | **18.2%** | **72.1%** |

Top-Ergebnis: **0:2** (12.8%), xG 0.752:2.098, Over 2.5: 53.8%

## [[fifwc-ury-cvi-2026-06-21|Uruguay vs. Cabo Verde]] (2026-06-21)

| Quelle | Uruguay | Remis | Cabo Verde |
|---|---|---|---|
| Markt | 67.2% | 22.4% | 10.4% |
| Modell | 59.8% | 25.8% | 14.4% |
| **Ensemble** | **69.9%** | **19.2%** | **10.9%** |

Top-Ergebnis: **1:0** (14.4%), xG 1.837:0.666, Over 2.5: 45.8%
