# Daily Run 2026-07-03

- Start: 2026-07-03T00:00:02  |  Dauer: 107.8s
- StatsBomb: `open-data` / historical
- Spiele OK: 7 | Fehler: 0

> ⚠️ FBref-Cache aelter als 20h; Daily nutzt stale Form statt Live-Fetch zu blockieren.

## Kalibrierung (Brier, kumulativ)

| Quelle | Ø Brier | n |
|---|---|---|
| kalshi | 0.4458 | 63 |
| ensemble | 0.4511 | 72 |
| market | 0.4521 | 72 |
| books | 0.4632 | 69 |
| model | 0.4932 | 72 |
| whale | 0.5331 | 67 |

## [[fifwc-arg-cvi-2026-07-03|Argentina vs. Cabo Verde]] (2026-07-03)

| Quelle | Argentina | Remis | Cabo Verde |
|---|---|---|---|
| Markt | 84.5% | 11.4% | 4.1% |
| Modell | 88.5% | 10.0% | 1.5% |
| **Ensemble** | **88.5%** | **8.9%** | **2.6%** |

Top-Ergebnis: **2:0** (14.3%), xG 2.886:0.465, Over 2.5: 64.6%

## [[fifwc-aus-egy-2026-07-03|Australia vs. Egypt]] (2026-07-03)

| Quelle | Australia | Remis | Egypt |
|---|---|---|---|
| Markt | 28.4% | 33.3% | 38.3% |
| Buchmacher (pinnacle) | 28.2% | 33.5% | 38.3% |
| Modell | 34.6% | 30.9% | 34.5% |
| **Ensemble** | **27.5%** | **34.8%** | **37.7%** |

Top-Ergebnis: **1:1** (14.5%), xG 0.959:1.116, Over 2.5: 34.6%

## [[fifwc-can-mar-2026-07-04|Canada vs. Morocco]] (2026-07-04)

| Quelle | Canada | Remis | Morocco |
|---|---|---|---|
| Markt | 17.6% | 27.6% | 54.8% |
| Buchmacher (pinnacle) | 18.1% | 27.4% | 54.4% |
| Modell | 32.8% | 28.7% | 38.4% |
| **Ensemble** | **19.5%** | **23.8%** | **56.8%** |

Top-Ergebnis: **1:1** (12.8%), xG 0.887:1.511, Over 2.5: 43.0%

## [[fifwc-che-alg-2026-07-02|Switzerland vs. Algeria]] (2026-07-02)

| Quelle | Switzerland | Remis | Algeria |
|---|---|---|---|
| Markt | 48.6% | 29.8% | 21.6% |
| Buchmacher (pinnacle) | 49.1% | 29.7% | 21.1% |
| Modell | 54.5% | 25.0% | 20.5% |
| **Ensemble** | **57.3%** | **24.7%** | **18.0%** |

Top-Ergebnis: **1:1** (13.6%), xG 1.488:0.903, Over 2.5: 42.4%

## [[fifwc-col-gha-2026-07-03|Colombia vs. Ghana]] (2026-07-03)

| Quelle | Colombia | Remis | Ghana |
|---|---|---|---|
| Markt | 67.2% | 22.4% | 10.4% |
| Buchmacher (pinnacle) | 67.8% | 21.7% | 10.5% |
| Modell | 77.3% | 17.7% | 4.9% |
| **Ensemble** | **74.3%** | **18.0%** | **7.7%** |

Top-Ergebnis: **2:0** (14.8%), xG 1.959:0.583, Over 2.5: 46.6%

## [[fifwc-par-fra-2026-07-04|Paraguay vs. France]] (2026-07-04)

| Quelle | Paraguay | Remis | France |
|---|---|---|---|
| Markt | 4.5% | 12.4% | 83.1% |
| Buchmacher (pinnacle) | 4.8% | 12.8% | 82.4% |
| Modell | 6.9% | 18.0% | 75.2% |
| **Ensemble** | **4.5%** | **12.1%** | **83.4%** |

Top-Ergebnis: **0:2** (13.7%), xG 0.578:2.713, Over 2.5: 63.2%

## [[fifwc-prt-hrv-2026-07-02|Portugal vs. Croatia]] (2026-07-02)

| Quelle | Portugal | Remis | Croatia |
|---|---|---|---|
| Markt | 57.4% | 26.3% | 16.3% |
| Buchmacher (pinnacle) | 57.9% | 25.7% | 16.4% |
| Modell | 51.8% | 24.3% | 23.9% |
| **Ensemble** | **60.9%** | **23.2%** | **15.9%** |

Top-Ergebnis: **1:1** (12.3%), xG 1.725:0.899, Over 2.5: 48.6%
