# Daily Run 2026-07-02

- Start: 2026-07-02T16:00:04  |  Dauer: 56.5s
- StatsBomb: `open-data` / historical
- Spiele OK: 6 | Fehler: 0

> ⚠️ FBref-Cache aelter als 20h; Daily nutzt stale Form statt Live-Fetch zu blockieren.

## Kalibrierung (Brier, kumulativ)

| Quelle | Ø Brier | n |
|---|---|---|
| kalshi | 0.4458 | 63 |
| ensemble | 0.4511 | 72 |
| market | 0.4521 | 72 |
| books | 0.4632 | 69 |
| model | 0.4932 | 72 |
| whale | 0.5331 | 67 |

## [[fifwc-arg-cvi-2026-07-03|Argentina vs. Cabo Verde]] (2026-07-03)

| Quelle | Argentina | Remis | Cabo Verde |
|---|---|---|---|
| Markt | 84.3% | 11.5% | 4.2% |
| Modell | 88.5% | 10.0% | 1.5% |
| **Ensemble** | **88.2%** | **9.0%** | **2.8%** |

Top-Ergebnis: **2:0** (14.0%), xG 2.884:0.481, Over 2.5: 65.0%

## [[fifwc-aus-egy-2026-07-03|Australia vs. Egypt]] (2026-07-03)

| Quelle | Australia | Remis | Egypt |
|---|---|---|---|
| Markt | 28.4% | 33.3% | 38.3% |
| Buchmacher (pinnacle) | 28.2% | 33.5% | 38.3% |
| Modell | 34.6% | 30.9% | 34.5% |
| **Ensemble** | **27.2%** | **35.2%** | **37.6%** |

Top-Ergebnis: **1:1** (14.5%), xG 0.959:1.116, Over 2.5: 34.6%

## [[fifwc-che-alg-2026-07-02|Switzerland vs. Algeria]] (2026-07-02)

| Quelle | Switzerland | Remis | Algeria |
|---|---|---|---|
| Markt | 48.1% | 29.9% | 22.0% |
| Buchmacher (pinnacle) | 48.6% | 29.5% | 21.9% |
| Modell | 54.5% | 25.0% | 20.5% |
| **Ensemble** | **57.1%** | **24.4%** | **18.5%** |

Top-Ergebnis: **1:1** (13.6%), xG 1.499:0.913, Over 2.5: 43.0%

## [[fifwc-col-gha-2026-07-03|Colombia vs. Ghana]] (2026-07-03)

| Quelle | Colombia | Remis | Ghana |
|---|---|---|---|
| Markt | 64.2% | 24.4% | 11.4% |
| Buchmacher (pinnacle) | 64.2% | 23.5% | 12.4% |
| Modell | 77.3% | 17.7% | 4.9% |
| **Ensemble** | **71.8%** | **19.6%** | **8.7%** |

Top-Ergebnis: **1:0** (15.5%), xG 1.854:0.572, Over 2.5: 43.8%

## [[fifwc-esp-aut-2026-07-02|Spain vs. Austria]] (2026-07-02)

| Quelle | Spain | Remis | Austria |
|---|---|---|---|
| Markt | 75.7% | 16.7% | 7.6% |
| Buchmacher (pinnacle) | 75.8% | 16.8% | 7.3% |
| Modell | 76.7% | 15.9% | 7.4% |
| **Ensemble** | **78.8%** | **14.3%** | **6.9%** |

Top-Ergebnis: **2:0** (12.7%), xG 2.482:0.687, Over 2.5: 61.1%

## [[fifwc-prt-hrv-2026-07-02|Portugal vs. Croatia]] (2026-07-02)

| Quelle | Portugal | Remis | Croatia |
|---|---|---|---|
| Markt | 56.3% | 26.1% | 17.6% |
| Buchmacher (pinnacle) | 56.5% | 26.1% | 17.4% |
| Modell | 51.8% | 24.3% | 23.9% |
| **Ensemble** | **61.2%** | **22.3%** | **16.4%** |

Top-Ergebnis: **1:1** (11.9%), xG 1.742:0.948, Over 2.5: 50.5%
