# Daily Run 2026-06-21

- Start: 2026-06-21T21:03:56  |  Dauer: 38.2s
- StatsBomb: `open-data` / historical
- Spiele OK: 7 | Fehler: 0


## Kalibrierung (Brier, kumulativ)

| Quelle | Ø Brier | n |
|---|---|---|
| kalshi | 0.4835 | 32 |
| market | 0.4856 | 32 |
| books | 0.4936 | 31 |
| ensemble | 0.4949 | 32 |
| model | 0.5535 | 32 |
| whale | 0.579 | 27 |

## [[fifwc-arg-aut-2026-06-22|Argentina vs. Austria]] (2026-06-22)

| Quelle | Argentina | Remis | Austria |
|---|---|---|---|
| Markt | 64.2% | 22.4% | 13.4% |
| Buchmacher (pinnacle) | 63.4% | 23.1% | 13.5% |
| Modell | 70.7% | 18.9% | 10.4% |
| **Ensemble** | **69.2%** | **19.4%** | **11.4%** |

Top-Ergebnis: **2:0** (11.4%), xG 2.084:0.832, Over 2.5: 55.6%

## [[fifwc-bel-irn-2026-06-21|Belgium vs. IR Iran]] (2026-06-21)

| Quelle | Belgium | Remis | Iran |
|---|---|---|---|
| Markt | 67.8% | 20.6% | 11.6% |
| Buchmacher (pinnacle) | 68.4% | 20.8% | 10.8% |
| Modell | 52.2% | 26.1% | 21.7% |
| **Ensemble** | **68.5%** | **19.4%** | **12.1%** |

Top-Ergebnis: **2:0** (11.5%), xG 2.073:0.851, Over 2.5: 55.6%

## [[fifwc-fra-irq-2026-06-22|France vs. Iraq]] (2026-06-22)

| Quelle | France | Remis | Iraq |
|---|---|---|---|
| Markt | 89.6% | 7.4% | 2.9% |
| Buchmacher (pinnacle) | 91.0% | 6.9% | 2.1% |
| Modell | 88.6% | 9.7% | 1.7% |
| **Ensemble** | **90.8%** | **7.1%** | **2.1%** |

Top-Ergebnis: **3:0** (12.6%), xG 3.422:0.517, Over 2.5: 74.4%

## [[fifwc-jor-alg-2026-06-22|Jordan vs. Algeria]] (2026-06-22)

| Quelle | Jordan | Remis | Algeria |
|---|---|---|---|
| Markt | 15.3% | 23.2% | 61.6% |
| Buchmacher (pinnacle) | 15.8% | 22.4% | 61.8% |
| Modell | 26.3% | 27.5% | 46.2% |
| **Ensemble** | **15.8%** | **20.8%** | **63.3%** |

Top-Ergebnis: **1:1** (11.4%), xG 0.93:1.877, Over 2.5: 53.1%

## [[fifwc-nor-sen-2026-06-22|Norway vs. Senegal]] (2026-06-22)

| Quelle | Norway | Remis | Senegal |
|---|---|---|---|
| Markt | 42.7% | 27.6% | 29.6% |
| Buchmacher (pinnacle) | 42.7% | 26.6% | 30.8% |
| Modell | 47.7% | 27.8% | 24.5% |
| **Ensemble** | **46.2%** | **23.7%** | **30.1%** |

Top-Ergebnis: **1:1** (13.1%), xG 1.515:1.196, Over 2.5: 50.8%

## [[fifwc-nzl-egy-2026-06-21|New Zealand vs. Egypt]] (2026-06-21)

| Quelle | New Zealand | Remis | Egypt |
|---|---|---|---|
| Markt | 15.4% | 23.4% | 61.2% |
| Buchmacher (pinnacle) | 14.7% | 23.2% | 62.2% |
| Modell | 23.4% | 27.3% | 49.3% |
| **Ensemble** | **15.1%** | **22.3%** | **62.6%** |

Top-Ergebnis: **1:1** (11.5%), xG 0.913:1.876, Over 2.5: 52.7%

## [[fifwc-ury-cvi-2026-06-21|Uruguay vs. Cabo Verde]] (2026-06-21)

| Quelle | Uruguay | Remis | Cabo Verde |
|---|---|---|---|
| Markt | 68.8% | 21.6% | 9.5% |
| Modell | 59.8% | 25.8% | 14.4% |
| **Ensemble** | **71.4%** | **19.1%** | **9.5%** |

Top-Ergebnis: **1:0** (13.7%), xG 1.893:0.658, Over 2.5: 47.0%
