# Daily Run 2026-06-28

- Start: 2026-06-28T12:46:09  |  Dauer: 68.6s
- StatsBomb: `open-data` / historical
- Spiele OK: 4 | Fehler: 0


## Kalibrierung (Brier, kumulativ)

| Quelle | Ø Brier | n |
|---|---|---|
| kalshi | 0.4458 | 63 |
| market | 0.447 | 63 |
| ensemble | 0.4518 | 63 |
| books | 0.4541 | 61 |
| model | 0.502 | 63 |
| whale | 0.5466 | 58 |

## [[fifwc-bra-jpn-2026-06-29|Brazil vs. Japan]] (2026-06-29)

| Quelle | Brazil | Remis | Japan |
|---|---|---|---|
| Markt | 56.7% | 25.1% | 18.2% |
| Buchmacher (pinnacle) | 57.4% | 24.6% | 18.1% |
| Modell | 59.7% | 23.0% | 17.3% |
| **Ensemble** | **60.5%** | **23.4%** | **16.1%** |

Top-Ergebnis: **1:1** (11.5%), xG 1.854:0.952, Over 2.5: 52.8%

## [[fifwc-ger-par-2026-06-29|Germany vs. Paraguay]] (2026-06-29)

| Quelle | Germany | Remis | Paraguay |
|---|---|---|---|
| Markt | 72.9% | 18.6% | 8.5% |
| Buchmacher (pinnacle) | 72.4% | 17.7% | 10.0% |
| Modell | 57.5% | 24.4% | 18.0% |
| **Ensemble** | **72.0%** | **18.1%** | **9.9%** |

Top-Ergebnis: **2:0** (12.5%), xG 2.172:0.743, Over 2.5: 55.6%

## [[fifwc-nld-mar-2026-06-29|Netherlands vs. Morocco]] (2026-06-29)

| Quelle | Netherlands | Remis | Morocco |
|---|---|---|---|
| Markt | 45.3% | 30.3% | 24.4% |
| Buchmacher (pinnacle) | 44.9% | 30.1% | 25.0% |
| Modell | 46.0% | 26.3% | 27.7% |
| **Ensemble** | **50.2%** | **26.3%** | **23.4%** |

Top-Ergebnis: **1:1** (13.4%), xG 1.419:1.012, Over 2.5: 43.8%

## [[fifwc-rsa-can-2026-06-28|South Africa vs. Canada]] (2026-06-28)

| Quelle | South Africa | Remis | Canada |
|---|---|---|---|
| Markt | 15.4% | 25.4% | 59.2% |
| Buchmacher (pinnacle) | 15.7% | 26.1% | 58.2% |
| Modell | 12.5% | 23.5% | 64.0% |
| **Ensemble** | **12.5%** | **23.2%** | **64.2%** |

Top-Ergebnis: **0:2** (12.5%), xG 0.783:1.789, Over 2.5: 47.0%
