# Daily Run 2026-06-20

- Start: 2026-06-20T13:49:36  |  Dauer: 84.8s
- StatsBomb: `open-data` / historical
- Spiele OK: 8 | Fehler: 0


## Kalibrierung (Brier, kumulativ)

| Quelle | Ø Brier | n |
|---|---|---|
| kalshi | 0.4921 | 27 |
| market | 0.4945 | 27 |
| books | 0.5051 | 26 |
| ensemble | 0.5124 | 27 |
| model | 0.5891 | 27 |
| whale | 0.6264 | 22 |

## [[fifwc-bel-irn-2026-06-21|Belgium vs. IR Iran]] (2026-06-21)

| Quelle | Belgium | Remis | Iran |
|---|---|---|---|
| Markt | 67.8% | 20.6% | 11.6% |
| Buchmacher (pinnacle) | 68.3% | 19.8% | 11.9% |
| Modell | 52.2% | 26.1% | 21.7% |
| **Ensemble** | **65.5%** | **21.9%** | **12.6%** |

Top-Ergebnis: **2:0** (11.3%), xG 2.072:0.851, Over 2.5: 55.9%

## [[fifwc-ecu-kor-2026-06-20|Ecuador vs. Curaçao]] (2026-06-20)

| Quelle | Ecuador | Remis | Curacao |
|---|---|---|---|
| Markt | 86.6% | 9.5% | 3.9% |
| Buchmacher (pinnacle) | 86.5% | 9.8% | 3.7% |
| Modell | 70.7% | 20.6% | 8.8% |
| **Ensemble** | **84.5%** | **11.0%** | **4.5%** |

Top-Ergebnis: **3:0** (11.1%), xG 3.114:0.67, Over 2.5: 72.2%

## [[fifwc-esp-ksa-2026-06-21|Spain vs. Saudi Arabia]] (2026-06-21)

| Quelle | Spain | Remis | Saudi Arabia |
|---|---|---|---|
| Markt | 88.4% | 8.5% | 3.1% |
| Buchmacher (pinnacle) | 89.5% | 7.8% | 2.7% |
| Modell | 91.5% | 7.6% | 1.0% |
| **Ensemble** | **90.1%** | **7.6%** | **2.2%** |

Top-Ergebnis: **3:0** (12.2%), xG 3.413:0.545, Over 2.5: 74.9%

## [[fifwc-ger-civ-2026-06-20|Germany vs. Côte d'Ivoire]] (2026-06-20)

| Quelle | Germany | Remis | Ivory Coast |
|---|---|---|---|
| Markt | 64.5% | 20.2% | 15.3% |
| Buchmacher (pinnacle) | 64.4% | 20.3% | 15.3% |
| Modell | 64.3% | 22.2% | 13.5% |
| **Ensemble** | **68.7%** | **18.3%** | **13.1%** |

Top-Ergebnis: **1:1** (9.8%), xG 2.258:1.018, Over 2.5: 62.8%

## [[fifwc-nld-swe-2026-06-20|Netherlands vs. Sweden]] (2026-06-20)

| Quelle | Netherlands | Remis | Sweden |
|---|---|---|---|
| Markt | 56.7% | 23.2% | 20.2% |
| Buchmacher (pinnacle) | 55.9% | 23.8% | 20.3% |
| Modell | 51.1% | 25.9% | 23.0% |
| **Ensemble** | **58.6%** | **21.3%** | **20.1%** |

Top-Ergebnis: **1:1** (10.8%), xG 1.967:1.142, Over 2.5: 59.9%

## [[fifwc-nzl-egy-2026-06-21|New Zealand vs. Egypt]] (2026-06-21)

| Quelle | New Zealand | Remis | Egypt |
|---|---|---|---|
| Markt | 16.4% | 23.4% | 60.2% |
| Buchmacher (pinnacle) | 17.3% | 22.1% | 60.6% |
| Modell | 23.4% | 27.3% | 49.3% |
| **Ensemble** | **18.6%** | **21.0%** | **60.4%** |

Top-Ergebnis: **1:1** (11.1%), xG 0.952:1.881, Over 2.5: 54.0%

## [[fifwc-tun-jpn-2026-06-21|Tunisia vs. Japan]] (2026-06-21)

| Quelle | Tunisia | Remis | Japan |
|---|---|---|---|
| Markt | 14.4% | 23.4% | 62.2% |
| Buchmacher (pinnacle) | 14.2% | 23.2% | 62.6% |
| Modell | 7.9% | 17.3% | 74.7% |
| **Ensemble** | **11.2%** | **19.2%** | **69.6%** |

Top-Ergebnis: **0:2** (11.9%), xG 0.799:2.025, Over 2.5: 53.5%

## [[fifwc-ury-cvi-2026-06-21|Uruguay vs. Cabo Verde]] (2026-06-21)

| Quelle | Uruguay | Remis | Cabo Verde |
|---|---|---|---|
| Markt | 67.2% | 22.4% | 10.4% |
| Modell | 59.8% | 25.8% | 14.4% |
| **Ensemble** | **70.9%** | **19.3%** | **9.8%** |

Top-Ergebnis: **1:0** (14.4%), xG 1.837:0.666, Over 2.5: 45.8%
