# Daily Run 2026-06-27

- Start: 2026-06-27T15:24:56  |  Dauer: 116.7s
- StatsBomb: `open-data` / historical
- Spiele OK: 7 | Fehler: 0


## Kalibrierung (Brier, kumulativ)

| Quelle | Ø Brier | n |
|---|---|---|
| kalshi | 0.4547 | 58 |
| market | 0.4562 | 58 |
| ensemble | 0.4624 | 58 |
| books | 0.464 | 56 |
| model | 0.5138 | 58 |
| whale | 0.5631 | 53 |

## [[fifwc-alg-aut-2026-06-27|Algeria vs. Austria]] (2026-06-27)

| Quelle | Algeria | Remis | Austria |
|---|---|---|---|
| Markt | 23.6% | 46.7% | 29.6% |
| Buchmacher (pinnacle) | 24.4% | 46.4% | 29.2% |
| Modell | 27.1% | 27.5% | 45.4% |
| **Ensemble** | **21.8%** | **48.5%** | **29.6%** |

Top-Ergebnis: **0:0** (26.4%), xG 0.615:0.779, Over 2.5: 16.6%

## [[fifwc-cdr-uzb-2026-06-27|DR Congo vs. Uzbekistan]] (2026-06-27)

| Quelle | DR Congo | Remis | Uzbekistan |
|---|---|---|---|
| Markt | 59.2% | 23.4% | 17.4% |
| Buchmacher (pinnacle) | 57.6% | 24.1% | 18.4% |
| Modell | 39.1% | 28.7% | 32.2% |
| **Ensemble** | **58.7%** | **22.1%** | **19.3%** |

Top-Ergebnis: **1:1** (11.6%), xG 1.839:1.057, Over 2.5: 55.0%

## [[fifwc-col-prt-2026-06-27|Colombia vs. Portugal]] (2026-06-27)

| Quelle | Colombia | Remis | Portugal |
|---|---|---|---|
| Markt | 26.4% | 24.4% | 49.3% |
| Buchmacher (pinnacle) | 26.8% | 24.7% | 48.4% |
| Modell | 34.6% | 27.2% | 38.1% |
| **Ensemble** | **25.3%** | **22.0%** | **52.7%** |

Top-Ergebnis: **1:1** (10.9%), xG 1.36:1.807, Over 2.5: 61.2%

## [[fifwc-hrv-gha-2026-06-27|Croatia vs. Ghana]] (2026-06-27)

| Quelle | Croatia | Remis | Ghana |
|---|---|---|---|
| Markt | 51.7% | 30.0% | 18.2% |
| Buchmacher (pinnacle) | 51.7% | 30.6% | 17.6% |
| Modell | 70.0% | 19.8% | 10.2% |
| **Ensemble** | **59.9%** | **25.6%** | **14.6%** |

Top-Ergebnis: **1:0** (14.5%), xG 1.554:0.734, Over 2.5: 40.0%

## [[fifwc-jor-arg-2026-06-27|Jordan vs. Argentina]] (2026-06-27)

| Quelle | Jordan | Remis | Argentina |
|---|---|---|---|
| Markt | 4.8% | 10.4% | 84.8% |
| Buchmacher (pinnacle) | 4.6% | 10.6% | 84.8% |
| Modell | 0.9% | 6.3% | 92.8% |
| **Ensemble** | **3.5%** | **9.1%** | **87.4%** |

Top-Ergebnis: **0:3** (11.1%), xG 0.675:3.326, Over 2.5: 75.5%

## [[fifwc-pan-eng-2026-06-27|Panama vs. England]] (2026-06-27)

| Quelle | Panama | Remis | England |
|---|---|---|---|
| Markt | 4.5% | 10.4% | 85.1% |
| Buchmacher (pinnacle) | 5.4% | 10.4% | 84.3% |
| Modell | 5.5% | 16.1% | 78.4% |
| **Ensemble** | **4.5%** | **10.4%** | **85.1%** |

Top-Ergebnis: **0:3** (11.3%), xG 0.677:3.064, Over 2.5: 71.7%

## [[fifwc-rsa-can-2026-06-28|South Africa vs. Canada]] (2026-06-28)

| Quelle | South Africa | Remis | Canada |
|---|---|---|---|
| Markt | 16.8% | 26.9% | 56.3% |
| Buchmacher (pinnacle) | 17.7% | 26.9% | 55.4% |
| Modell | 12.5% | 23.5% | 64.0% |
| **Ensemble** | **13.6%** | **21.9%** | **64.4%** |

Top-Ergebnis: **0:1** (12.9%), xG 0.769:1.681, Over 2.5: 44.3%
