# Daily Run 2026-06-19

- Start: 2026-06-19T09:24:18  |  Dauer: 33.0s
- StatsBomb: `open-data` / historical
- Spiele OK: 7 | Fehler: 0


## Kalibrierung (Brier, kumulativ)

| Quelle | Ø Brier | n |
|---|---|---|
| kalshi | 0.5164 | 23 |
| market | 0.5196 | 23 |
| books | 0.5336 | 22 |
| ensemble | 0.5359 | 23 |
| model | 0.6071 | 23 |
| whale | 0.6492 | 18 |

## [[fifwc-bra-hai-2026-06-19|Brazil vs. Haiti]] (2026-06-19)

| Quelle | Brazil | Remis | Haiti |
|---|---|---|---|
| Markt | 88.4% | 8.2% | 3.3% |
| Buchmacher (pinnacle) | 88.2% | 8.5% | 3.3% |
| Modell | 86.7% | 11.0% | 2.3% |
| **Ensemble** | **87.3%** | **9.8%** | **2.9%** |

Top-Ergebnis: **3:0** (12.0%), xG 3.41:0.588, Over 2.5: 75.5%

## [[fifwc-ecu-kor-2026-06-20|Ecuador vs. Curaçao]] (2026-06-20)

| Quelle | Ecuador | Remis | Curacao |
|---|---|---|---|
| Markt | 86.7% | 9.4% | 3.9% |
| Buchmacher (pinnacle) | 88.4% | 8.5% | 3.0% |
| Modell | 70.7% | 20.6% | 8.8% |
| **Ensemble** | **82.7%** | **13.1%** | **4.2%** |

Top-Ergebnis: **3:0** (10.8%), xG 3.174:0.697, Over 2.5: 73.7%

## [[fifwc-ger-civ-2026-06-20|Germany vs. Côte d'Ivoire]] (2026-06-20)

| Quelle | Germany | Remis | Ivory Coast |
|---|---|---|---|
| Markt | 64.2% | 20.4% | 15.4% |
| Buchmacher (pinnacle) | 63.8% | 19.9% | 16.3% |
| Modell | 64.3% | 22.2% | 13.5% |
| **Ensemble** | **67.7%** | **18.6%** | **13.8%** |

Top-Ergebnis: **2:0** (9.4%), xG 2.238:1.013, Over 2.5: 62.9%

## [[fifwc-nld-swe-2026-06-20|Netherlands vs. Sweden]] (2026-06-20)

| Quelle | Netherlands | Remis | Sweden |
|---|---|---|---|
| Markt | 55.2% | 24.4% | 20.4% |
| Buchmacher (pinnacle) | 54.5% | 24.2% | 21.3% |
| Modell | 51.1% | 25.9% | 23.0% |
| **Ensemble** | **58.9%** | **22.4%** | **18.8%** |

Top-Ergebnis: **1:1** (11.4%), xG 1.853:1.084, Over 2.5: 56.0%

## [[fifwc-sco-mar-2026-06-19|Scotland vs. Morocco]] (2026-06-19)

| Quelle | Scotland | Remis | Morocco |
|---|---|---|---|
| Markt | 17.6% | 26.6% | 55.8% |
| Buchmacher (pinnacle) | 18.2% | 26.7% | 55.1% |
| Modell | 31.9% | 29.5% | 38.6% |
| **Ensemble** | **19.2%** | **26.6%** | **54.2%** |

Top-Ergebnis: **1:1** (12.7%), xG 0.903:1.572, Over 2.5: 44.8%

## [[fifwc-tur-par-2026-06-19|Türkiye vs. Paraguay]] (2026-06-19)

| Quelle | Turkey | Remis | Paraguay |
|---|---|---|---|
| Markt | 46.7% | 28.6% | 24.6% |
| Buchmacher (pinnacle) | 47.3% | 27.8% | 25.0% |
| Modell | 43.1% | 28.1% | 28.8% |
| **Ensemble** | **53.3%** | **24.4%** | **22.3%** |

Top-Ergebnis: **1:1** (13.6%), xG 1.486:1.059, Over 2.5: 46.8%

## [[fifwc-usa-aus-2026-06-19|United States vs. Australia]] (2026-06-19)

| Quelle | United States | Remis | Australia |
|---|---|---|---|
| Markt | 60.8% | 21.6% | 17.6% |
| Buchmacher (pinnacle) | 60.9% | 21.8% | 17.4% |
| Modell | 38.0% | 29.8% | 32.2% |
| **Ensemble** | **57.0%** | **23.2%** | **19.8%** |

Top-Ergebnis: **1:1** (10.8%), xG 2.013:1.128, Over 2.5: 60.4%
