# Daily Run 2026-06-23

- Start: 2026-06-23T10:19:56  |  Dauer: 63.3s
- StatsBomb: `open-data` / historical
- Spiele OK: 10 | Fehler: 0


## Kalibrierung (Brier, kumulativ)

| Quelle | Ø Brier | n |
|---|---|---|
| kalshi | 0.4652 | 38 |
| market | 0.4673 | 38 |
| books | 0.473 | 37 |
| ensemble | 0.4741 | 38 |
| model | 0.5254 | 38 |
| whale | 0.5666 | 33 |

## [[fifwc-bih-qat-2026-06-24|Bosnia-Herzegovina vs. Qatar]] (2026-06-24)

| Quelle | Bosnia and Herzegovina | Remis | Qatar |
|---|---|---|---|
| Markt | 68.2% | 19.4% | 12.4% |
| Modell | 56.6% | 25.5% | 17.9% |
| **Ensemble** | **68.6%** | **18.1%** | **13.3%** |

Top-Ergebnis: **2:0** (10.5%), xG 2.183:0.916, Over 2.5: 59.8%

## [[fifwc-che-can-2026-06-24|Switzerland vs. Canada]] (2026-06-24)

| Quelle | Switzerland | Remis | Canada |
|---|---|---|---|
| Markt | 40.3% | 31.3% | 28.4% |
| Buchmacher (pinnacle) | 40.0% | 32.0% | 28.0% |
| Modell | 38.2% | 28.5% | 33.2% |
| **Ensemble** | **39.8%** | **27.9%** | **32.3%** |

Top-Ergebnis: **1:1** (14.4%), xG 1.259:1.059, Over 2.5: 40.9%

## [[fifwc-col-cdr-2026-06-23|Colombia vs. DR Congo]] (2026-06-23)

| Quelle | Colombia | Remis | DR Congo |
|---|---|---|---|
| Markt | 63.2% | 23.4% | 13.4% |
| Buchmacher (pinnacle) | 62.8% | 23.5% | 13.7% |
| Modell | 70.7% | 19.6% | 9.8% |
| **Ensemble** | **67.6%** | **19.4%** | **13.0%** |

Top-Ergebnis: **2:0** (12.4%), xG 1.96:0.758, Over 2.5: 50.9%

## [[fifwc-cze-mex-2026-06-24|Czechia vs. Mexico]] (2026-06-24)

| Quelle | Czech Republic | Remis | Mexico |
|---|---|---|---|
| Markt | 24.9% | 23.9% | 51.3% |
| Buchmacher (pinnacle) | 26.4% | 23.8% | 49.8% |
| Modell | 11.9% | 21.6% | 66.5% |
| **Ensemble** | **19.6%** | **20.5%** | **59.8%** |

Top-Ergebnis: **1:1** (10.9%), xG 1.212:1.973, Over 2.5: 61.2%

## [[fifwc-eng-gha-2026-06-23|England vs. Ghana]] (2026-06-23)

| Quelle | England | Remis | Ghana |
|---|---|---|---|
| Markt | 82.1% | 12.4% | 5.5% |
| Buchmacher (pinnacle) | 81.4% | 13.0% | 5.5% |
| Modell | 87.9% | 10.3% | 1.8% |
| **Ensemble** | **84.4%** | **11.5%** | **4.1%** |

Top-Ergebnis: **2:0** (12.4%), xG 2.933:0.621, Over 2.5: 68.3%

## [[fifwc-mar-hai-2026-06-24|Morocco vs. Haiti]] (2026-06-24)

| Quelle | Morocco | Remis | Haiti |
|---|---|---|---|
| Markt | 82.9% | 12.6% | 4.5% |
| Buchmacher (pinnacle) | 83.5% | 12.2% | 4.3% |
| Modell | 72.8% | 19.7% | 7.5% |
| **Ensemble** | **83.1%** | **12.2%** | **4.7%** |

Top-Ergebnis: **2:0** (14.2%), xG 2.68:0.569, Over 2.5: 62.4%

## [[fifwc-pan-hrv-2026-06-23|Panama vs. Croatia]] (2026-06-23)

| Quelle | Panama | Remis | Croatia |
|---|---|---|---|
| Markt | 12.4% | 22.4% | 65.2% |
| Buchmacher (pinnacle) | 13.7% | 21.5% | 64.9% |
| Modell | 17.4% | 22.4% | 60.2% |
| **Ensemble** | **12.6%** | **19.9%** | **67.5%** |

Top-Ergebnis: **0:2** (11.8%), xG 0.812:1.993, Over 2.5: 52.9%

## [[fifwc-prt-uzb-2026-06-23|Portugal vs. Uzbekistan]] (2026-06-23)

| Quelle | Portugal | Remis | Uzbekistan |
|---|---|---|---|
| Markt | 84.1% | 11.4% | 4.5% |
| Buchmacher (pinnacle) | 84.3% | 11.1% | 4.6% |
| Modell | 66.3% | 22.2% | 11.5% |
| **Ensemble** | **82.5%** | **12.1%** | **5.4%** |

Top-Ergebnis: **2:0** (12.3%), xG 2.821:0.66, Over 2.5: 67.2%

## [[fifwc-rsa-kr-2026-06-24|South Africa vs. Korea Republic]] (2026-06-24)

| Quelle | South Africa | Remis | South Korea |
|---|---|---|---|
| Markt | 16.6% | 24.6% | 58.8% |
| Buchmacher (pinnacle) | 17.3% | 23.5% | 59.3% |
| Modell | 15.7% | 26.0% | 58.4% |
| **Ensemble** | **14.6%** | **21.7%** | **63.7%** |

Top-Ergebnis: **1:1** (11.8%), xG 0.861:1.8, Over 2.5: 49.5%

## [[fifwc-sco-bra-2026-06-24|Scotland vs. Brazil]] (2026-06-24)

| Quelle | Scotland | Remis | Brazil |
|---|---|---|---|
| Markt | 10.4% | 18.4% | 71.1% |
| Buchmacher (pinnacle) | 13.0% | 17.4% | 69.6% |
| Modell | 9.9% | 20.6% | 69.6% |
| **Ensemble** | **9.8%** | **16.2%** | **74.1%** |

Top-Ergebnis: **0:2** (11.5%), xG 0.812:2.348, Over 2.5: 61.0%
