# Daily Run 2026-07-04

- Start: 2026-07-04T00:01:25  |  Dauer: 29.4s
- StatsBomb: `open-data` / historical
- Spiele OK: 6 | Fehler: 0

> ⚠️ FBref-Cache aelter als 20h; Daily nutzt stale Form statt Live-Fetch zu blockieren.

## Kalibrierung (Brier, kumulativ)

| Quelle | Ø Brier | n |
|---|---|---|
| ensemble | 0.442 | 76 |
| market | 0.4456 | 76 |
| kalshi | 0.4458 | 63 |
| books | 0.4554 | 73 |
| model | 0.4855 | 76 |
| whale | 0.5094 | 71 |

## [[fifwc-arg-cvi-2026-07-03|Argentina vs. Cabo Verde]] (2026-07-03)

| Quelle | Argentina | Remis | Cabo Verde |
|---|---|---|---|
| Markt | 86.1% | 10.6% | 3.3% |
| Modell | 88.5% | 10.0% | 1.5% |
| **Ensemble** | **89.6%** | **8.3%** | **2.1%** |

Top-Ergebnis: **2:0** (15.3%), xG 2.92:0.425, Over 2.5: 64.6%

## [[fifwc-bra-nor-2026-07-05|Brazil vs. Norway]] (2026-07-05)

| Quelle | Brazil | Remis | Norway |
|---|---|---|---|
| Markt | 53.2% | 26.4% | 20.4% |
| Buchmacher (pinnacle) | 53.3% | 25.4% | 21.3% |
| Modell | 62.0% | 22.0% | 16.1% |
| **Ensemble** | **55.4%** | **26.6%** | **18.0%** |

Top-Ergebnis: **1:1** (11.9%), xG 1.784:0.985, Over 2.5: 52.2%

## [[fifwc-can-mar-2026-07-04|Canada vs. Morocco]] (2026-07-04)

| Quelle | Canada | Remis | Morocco |
|---|---|---|---|
| Markt | 20.6% | 28.6% | 50.8% |
| Buchmacher (pinnacle) | 20.1% | 28.4% | 51.6% |
| Modell | 32.8% | 28.7% | 38.4% |
| **Ensemble** | **20.2%** | **24.4%** | **55.4%** |

Top-Ergebnis: **1:1** (13.1%), xG 0.957:1.468, Over 2.5: 43.6%

## [[fifwc-col-gha-2026-07-03|Colombia vs. Ghana]] (2026-07-03)

| Quelle | Colombia | Remis | Ghana |
|---|---|---|---|
| Markt | 68.2% | 21.4% | 10.4% |
| Buchmacher (pinnacle) | 67.9% | 21.7% | 10.4% |
| Modell | 77.3% | 17.7% | 4.9% |
| **Ensemble** | **74.8%** | **17.5%** | **7.7%** |

Top-Ergebnis: **2:0** (14.2%), xG 2.046:0.623, Over 2.5: 50.0%

## [[fifwc-mex-eng-2026-07-05|Mexico vs. England]] (2026-07-05)

| Quelle | Mexico | Remis | England |
|---|---|---|---|
| Markt | 30.3% | 30.3% | 39.3% |
| Buchmacher (pinnacle) | 30.1% | 29.7% | 40.2% |
| Modell | 28.7% | 26.0% | 45.4% |
| **Ensemble** | **31.0%** | **24.6%** | **44.4%** |

Top-Ergebnis: **1:1** (13.7%), xG 1.152:1.367, Over 2.5: 45.7%

## [[fifwc-par-fra-2026-07-04|Paraguay vs. France]] (2026-07-04)

| Quelle | Paraguay | Remis | France |
|---|---|---|---|
| Markt | 4.5% | 12.6% | 82.9% |
| Buchmacher (pinnacle) | 4.9% | 13.3% | 81.8% |
| Modell | 6.9% | 18.0% | 75.2% |
| **Ensemble** | **4.6%** | **12.4%** | **83.0%** |

Top-Ergebnis: **0:2** (14.0%), xG 0.57:2.694, Over 2.5: 62.8%
