# Daily Run 2026-07-04

- Start: 2026-07-04T16:00:04  |  Dauer: 21.5s
- StatsBomb: `open-data` / historical
- Spiele OK: 4 | Fehler: 0

> ⚠️ FBref-Cache aelter als 20h; Daily nutzt stale Form statt Live-Fetch zu blockieren.

## Kalibrierung (Brier, kumulativ)

| Quelle | Ø Brier | n |
|---|---|---|
| ensemble | 0.4375 | 77 |
| market | 0.4418 | 77 |
| kalshi | 0.4458 | 63 |
| books | 0.4514 | 74 |
| model | 0.4803 | 77 |
| whale | 0.5024 | 72 |

## [[fifwc-bra-nor-2026-07-05|Brazil vs. Norway]] (2026-07-05)

| Quelle | Brazil | Remis | Norway |
|---|---|---|---|
| Markt | 53.2% | 26.4% | 20.4% |
| Buchmacher (pinnacle) | 53.3% | 25.4% | 21.3% |
| Modell | 62.0% | 22.0% | 16.1% |
| **Ensemble** | **60.7%** | **21.8%** | **17.5%** |

Top-Ergebnis: **1:1** (11.9%), xG 1.784:0.984, Over 2.5: 52.2%

## [[fifwc-can-mar-2026-07-04|Canada vs. Morocco]] (2026-07-04)

| Quelle | Canada | Remis | Morocco |
|---|---|---|---|
| Markt | 16.3% | 28.1% | 55.7% |
| Buchmacher (pinnacle) | 15.7% | 27.2% | 57.1% |
| Modell | 32.8% | 28.7% | 38.4% |
| **Ensemble** | **17.3%** | **23.8%** | **58.9%** |

Top-Ergebnis: **1:1** (12.9%), xG 0.842:1.498, Over 2.5: 41.5%

## [[fifwc-mex-eng-2026-07-05|Mexico vs. England]] (2026-07-05)

| Quelle | Mexico | Remis | England |
|---|---|---|---|
| Markt | 30.3% | 30.3% | 39.3% |
| Buchmacher (pinnacle) | 30.5% | 29.5% | 40.0% |
| Modell | 28.7% | 26.0% | 45.4% |
| **Ensemble** | **28.8%** | **24.8%** | **46.5%** |

Top-Ergebnis: **1:1** (13.7%), xG 1.151:1.369, Over 2.5: 46.0%

## [[fifwc-par-fra-2026-07-04|Paraguay vs. France]] (2026-07-04)

| Quelle | Paraguay | Remis | France |
|---|---|---|---|
| Markt | 4.5% | 12.4% | 83.1% |
| Buchmacher (pinnacle) | 4.5% | 12.7% | 82.8% |
| Modell | 6.9% | 18.0% | 75.2% |
| **Ensemble** | **4.4%** | **12.1%** | **83.4%** |

Top-Ergebnis: **0:2** (13.8%), xG 0.578:2.713, Over 2.5: 63.2%
