# Daily Run 2026-06-30

- Start: 2026-06-30T09:20:05  |  Dauer: 95.5s
- StatsBomb: `open-data` / historical
- Spiele OK: 6 | Fehler: 0


## Kalibrierung (Brier, kumulativ)

| Quelle | Ø Brier | n |
|---|---|---|
| kalshi | 0.4458 | 63 |
| market | 0.4619 | 67 |
| ensemble | 0.4649 | 67 |
| books | 0.4685 | 65 |
| model | 0.5066 | 67 |
| whale | 0.5676 | 62 |

## [[fifwc-bel-sen-2026-07-01|Belgium vs. Senegal]] (2026-07-01)

| Quelle | Belgium | Remis | Senegal |
|---|---|---|---|
| Markt | 44.3% | 29.4% | 26.4% |
| Buchmacher (pinnacle) | 43.5% | 29.5% | 27.0% |
| Modell | 45.6% | 27.1% | 27.4% |
| **Ensemble** | **51.7%** | **24.9%** | **23.5%** |

Top-Ergebnis: **1:1** (13.3%), xG 1.441:1.07, Over 2.5: 45.8%

## [[fifwc-civ-nor-2026-06-30|Côte d'Ivoire vs. Norway]] (2026-06-30)

| Quelle | Ivory Coast | Remis | Norway |
|---|---|---|---|
| Markt | 26.4% | 28.4% | 45.3% |
| Buchmacher (pinnacle) | 26.9% | 27.6% | 45.5% |
| Modell | 22.4% | 26.8% | 50.9% |
| **Ensemble** | **21.8%** | **23.7%** | **54.5%** |

Top-Ergebnis: **1:1** (12.9%), xG 1.067:1.513, Over 2.5: 47.9%

## [[fifwc-eng-cdr-2026-07-01|England vs. DR Congo]] (2026-07-01)

| Quelle | England | Remis | DR Congo |
|---|---|---|---|
| Markt | 76.1% | 17.4% | 6.5% |
| Buchmacher (pinnacle) | 76.5% | 16.9% | 6.6% |
| Modell | 76.8% | 16.7% | 6.5% |
| **Ensemble** | **78.3%** | **15.7%** | **6.0%** |

Top-Ergebnis: **2:0** (14.8%), xG 2.28:0.546, Over 2.5: 53.4%

## [[fifwc-fra-swe-2026-06-30|France vs. Sweden]] (2026-06-30)

| Quelle | France | Remis | Sweden |
|---|---|---|---|
| Markt | 76.9% | 15.6% | 7.5% |
| Buchmacher (pinnacle) | 75.9% | 15.7% | 8.4% |
| Modell | 79.5% | 15.2% | 5.3% |
| **Ensemble** | **80.3%** | **13.4%** | **6.3%** |

Top-Ergebnis: **2:0** (12.8%), xG 2.577:0.684, Over 2.5: 63.0%

## [[fifwc-mex-ecu-2026-06-30|Mexico vs. Ecuador]] (2026-06-30)

| Quelle | Mexico | Remis | Ecuador |
|---|---|---|---|
| Markt | 43.3% | 33.3% | 23.4% |
| Buchmacher (pinnacle) | 42.3% | 33.4% | 24.3% |
| Modell | 45.1% | 27.9% | 27.0% |
| **Ensemble** | **44.4%** | **34.1%** | **21.6%** |

Top-Ergebnis: **0:0** (14.0%), xG 1.235:0.855, Over 2.5: 35.1%

## [[fifwc-usa-bih-2026-07-01|United States vs. Bosnia and Herzegovina]] (2026-07-01)

| Quelle | United States | Remis | Bosnia and Herzegovina |
|---|---|---|---|
| Markt | 71.9% | 18.6% | 9.5% |
| Modell | 60.2% | 24.5% | 15.3% |
| **Ensemble** | **73.6%** | **16.9%** | **9.6%** |

Top-Ergebnis: **2:0** (12.4%), xG 2.165:0.779, Over 2.5: 56.0%
