# Daily Run 2026-06-25

- Start: 2026-06-25T08:14:20  |  Dauer: 88.5s
- StatsBomb: `open-data` / historical
- Spiele OK: 12 | Fehler: 0


## Kalibrierung (Brier, kumulativ)

| Quelle | Ø Brier | n |
|---|---|---|
| kalshi | 0.4613 | 47 |
| market | 0.4637 | 47 |
| ensemble | 0.4683 | 47 |
| books | 0.4749 | 45 |
| model | 0.5185 | 47 |
| whale | 0.5502 | 42 |

## [[fifwc-cvi-ksa-2026-06-26|Cabo Verde vs. Saudi Arabia]] (2026-06-26)

| Quelle | Cabo Verde | Remis | Saudi Arabia |
|---|---|---|---|
| Markt | 38.7% | 27.6% | 33.7% |
| Modell | 48.2% | 27.8% | 24.1% |
| **Ensemble** | **50.5%** | **23.4%** | **26.1%** |

Top-Ergebnis: **1:1** (13.1%), xG 1.489:1.237, Over 2.5: 50.9%

## [[fifwc-ecu-ger-2026-06-25|Ecuador vs. Germany]] (2026-06-25)

| Quelle | Ecuador | Remis | Germany |
|---|---|---|---|
| Markt | 16.9% | 18.1% | 65.0% |
| Buchmacher (pinnacle) | 17.4% | 18.3% | 64.3% |
| Modell | 20.5% | 26.2% | 53.3% |
| **Ensemble** | **15.7%** | **17.4%** | **66.9%** |

Top-Ergebnis: **1:2** (9.2%), xG 1.291:2.483, Over 2.5: 72.3%

## [[fifwc-egy-irn-2026-06-26|Egypt vs. IR Iran]] (2026-06-26)

| Quelle | Egypt | Remis | Iran |
|---|---|---|---|
| Markt | 39.3% | 36.3% | 24.4% |
| Buchmacher (pinnacle) | 38.7% | 36.9% | 24.4% |
| Modell | 37.5% | 29.1% | 33.4% |
| **Ensemble** | **35.3%** | **40.8%** | **23.9%** |

Top-Ergebnis: **0:0** (17.2%), xG 1.04:0.812, Over 2.5: 28.1%

## [[fifwc-jpn-swe-2026-06-25|Japan vs. Sweden]] (2026-06-25)

| Quelle | Japan | Remis | Sweden |
|---|---|---|---|
| Markt | 53.0% | 26.0% | 20.9% |
| Buchmacher (pinnacle) | 52.4% | 27.0% | 20.6% |
| Modell | 57.4% | 24.0% | 18.7% |
| **Ensemble** | **59.3%** | **22.8%** | **17.8%** |

Top-Ergebnis: **1:1** (11.8%), xG 1.777:1.03, Over 2.5: 52.8%

## [[fifwc-kor-civ-2026-06-25|Curaçao vs. Côte d'Ivoire]] (2026-06-25)

| Quelle | Curacao | Remis | Ivory Coast |
|---|---|---|---|
| Markt | 5.0% | 11.4% | 83.6% |
| Buchmacher (pinnacle) | 4.6% | 11.1% | 84.3% |
| Modell | 17.3% | 25.8% | 56.9% |
| **Ensemble** | **7.2%** | **12.8%** | **80.0%** |

Top-Ergebnis: **0:2** (11.2%), xG 0.769:2.856, Over 2.5: 69.8%

## [[fifwc-nor-fra-2026-06-26|Norway vs. France]] (2026-06-26)

| Quelle | Norway | Remis | France |
|---|---|---|---|
| Markt | 19.4% | 20.4% | 60.2% |
| Buchmacher (pinnacle) | 19.0% | 21.3% | 59.7% |
| Modell | 20.1% | 24.8% | 55.1% |
| **Ensemble** | **25.5%** | **19.2%** | **55.3%** |

Top-Ergebnis: **1:1** (9.4%), xG 1.279:2.28, Over 2.5: 68.6%

## [[fifwc-nzl-bel-2026-06-26|New Zealand vs. Belgium]] (2026-06-26)

| Quelle | New Zealand | Remis | Belgium |
|---|---|---|---|
| Markt | 5.5% | 12.4% | 82.1% |
| Buchmacher (pinnacle) | 4.8% | 11.3% | 83.9% |
| Modell | 8.5% | 19.5% | 71.9% |
| **Ensemble** | **5.3%** | **12.5%** | **82.2%** |

Top-Ergebnis: **0:2** (12.1%), xG 0.701:2.809, Over 2.5: 67.5%

## [[fifwc-par-aus-2026-06-25|Paraguay vs. Australia]] (2026-06-25)

| Quelle | Paraguay | Remis | Australia |
|---|---|---|---|
| Markt | 34.3% | 42.3% | 23.4% |
| Buchmacher (pinnacle) | 33.9% | 42.2% | 23.9% |
| Modell | 36.4% | 29.7% | 33.9% |
| **Ensemble** | **30.6%** | **46.6%** | **22.8%** |

Top-Ergebnis: **0:0** (23.4%), xG 0.842:0.681, Over 2.5: 19.8%

## [[fifwc-sen-irq-2026-06-26|Senegal vs. Iraq]] (2026-06-26)

| Quelle | Senegal | Remis | Iraq |
|---|---|---|---|
| Markt | 78.3% | 14.3% | 7.4% |
| Buchmacher (pinnacle) | 79.2% | 13.6% | 7.2% |
| Modell | 63.4% | 23.3% | 13.3% |
| **Ensemble** | **76.5%** | **14.9%** | **8.6%** |

Top-Ergebnis: **2:0** (11.1%), xG 2.664:0.818, Over 2.5: 67.2%

## [[fifwc-tun-nld-2026-06-25|Tunisia vs. Netherlands]] (2026-06-25)

| Quelle | Tunisia | Remis | Netherlands |
|---|---|---|---|
| Markt | 3.0% | 8.5% | 88.5% |
| Buchmacher (pinnacle) | 3.1% | 8.2% | 88.7% |
| Modell | 3.7% | 12.0% | 84.4% |
| **Ensemble** | **2.9%** | **8.2%** | **89.0%** |

Top-Ergebnis: **0:3** (12.5%), xG 0.57:3.314, Over 2.5: 73.9%

## [[fifwc-tur-usa-2026-06-25|Türkiye vs. United States]] (2026-06-25)

| Quelle | Turkey | Remis | United States |
|---|---|---|---|
| Markt | 24.4% | 22.4% | 53.2% |
| Buchmacher (pinnacle) | 24.1% | 22.4% | 53.5% |
| Modell | 23.5% | 28.3% | 48.2% |
| **Ensemble** | **21.1%** | **20.8%** | **58.1%** |

Top-Ergebnis: **1:1** (10.3%), xG 1.337:2.023, Over 2.5: 64.9%

## [[fifwc-ury-esp-2026-06-26|Uruguay vs. Spain]] (2026-06-26)

| Quelle | Uruguay | Remis | Spain |
|---|---|---|---|
| Markt | 12.3% | 22.2% | 65.5% |
| Buchmacher (pinnacle) | 12.4% | 23.0% | 64.5% |
| Modell | 10.7% | 20.5% | 68.8% |
| **Ensemble** | **10.8%** | **21.2%** | **68.0%** |

Top-Ergebnis: **0:2** (12.6%), xG 0.769:2.036, Over 2.5: 53.0%
