# Daily Run 2026-06-18

- Start: 2026-06-18T09:51:00  |  Dauer: 369.6s
- StatsBomb: `open-data` / historical
- Spiele OK: 8 | Fehler: 0

> ⚠️ FBref/soccerdata-Fehler: Could not download https://fbref.com/en/comps/1/schedule/World-Cup-Scores-and-Fixtures.

## Kalibrierung (Brier, kumulativ)

| Quelle | Ø Brier | n |
|---|---|---|
| kalshi | 0.5411 | 19 |
| market | 0.5454 | 19 |
| books | 0.5463 | 19 |
| ensemble | 0.5624 | 19 |
| model | 0.6543 | 19 |
| whale | 0.6546 | 14 |

## [[fifwc-bra-hai-2026-06-19|Brazil vs. Haiti]] (2026-06-19)

| Quelle | Brazil | Remis | Haiti |
|---|---|---|---|
| Markt | 88.2% | 7.9% | 3.9% |
| Buchmacher (pinnacle) | 89.0% | 7.4% | 3.6% |
| Modell | 88.5% | 9.6% | 2.0% |
| **Ensemble** | **89.9%** | **7.1%** | **3.0%** |

Top-Ergebnis: **3:0** (11.2%), xG 3.442:0.607, Over 2.5: 75.7%

## [[fifwc-can-qat-2026-06-18|Canada vs. Qatar]] (2026-06-18)

| Quelle | Canada | Remis | Qatar |
|---|---|---|---|
| Markt | 76.1% | 16.4% | 7.5% |
| Buchmacher (pinnacle) | 76.2% | 15.9% | 7.9% |
| Modell | 73.8% | 19.3% | 7.0% |
| **Ensemble** | **75.4%** | **17.3%** | **7.3%** |

Top-Ergebnis: **2:0** (13.4%), xG 2.403:0.648, Over 2.5: 58.6%

## [[fifwc-che-bih-2026-06-18|Switzerland vs. Bosnia-Herzegovina]] (2026-06-18)

| Quelle | Switzerland | Remis | Bosnia and Herzegovina |
|---|---|---|---|
| Markt | 62.2% | 23.4% | 14.4% |
| Modell | 60.3% | 24.8% | 14.9% |
| **Ensemble** | **65.7%** | **22.0%** | **12.3%** |

Top-Ergebnis: **1:0** (11.7%), xG 1.895:0.827, Over 2.5: 51.0%

## [[fifwc-cze-rsa-2026-06-18|Czechia vs. South Africa]] (2026-06-18)

| Quelle | Czech Republic | Remis | South Africa |
|---|---|---|---|
| Markt | 52.2% | 26.4% | 21.4% |
| Buchmacher (pinnacle) | 51.7% | 27.0% | 21.3% |
| Modell | 56.1% | 26.0% | 18.0% |
| **Ensemble** | **59.2%** | **22.9%** | **17.9%** |

Top-Ergebnis: **1:1** (12.5%), xG 1.704:0.998, Over 2.5: 50.3%

## [[fifwc-mex-kr-2026-06-18|Mexico vs. Korea Republic]] (2026-06-18)

| Quelle | Mexico | Remis | South Korea |
|---|---|---|---|
| Markt | 47.3% | 29.4% | 23.4% |
| Buchmacher (pinnacle) | 46.8% | 29.1% | 24.0% |
| Modell | 56.6% | 24.7% | 18.7% |
| **Ensemble** | **49.2%** | **27.5%** | **23.3%** |

Top-Ergebnis: **1:1** (13.2%), xG 1.515:0.949, Over 2.5: 44.7%

## [[fifwc-sco-mar-2026-06-19|Scotland vs. Morocco]] (2026-06-19)

| Quelle | Scotland | Remis | Morocco |
|---|---|---|---|
| Markt | 17.4% | 26.4% | 56.2% |
| Buchmacher (pinnacle) | 17.4% | 25.9% | 56.7% |
| Modell | 31.7% | 28.9% | 39.3% |
| **Ensemble** | **19.1%** | **23.4%** | **57.5%** |

Top-Ergebnis: **1:1** (12.5%), xG 0.912:1.602, Over 2.5: 45.9%

## [[fifwc-tur-par-2026-06-19|Türkiye vs. Paraguay]] (2026-06-19)

| Quelle | Turkey | Remis | Paraguay |
|---|---|---|---|
| Markt | 46.7% | 28.6% | 24.6% |
| Buchmacher (pinnacle) | 48.0% | 28.0% | 24.1% |
| Modell | 42.5% | 28.5% | 29.0% |
| **Ensemble** | **50.9%** | **25.2%** | **23.9%** |

Top-Ergebnis: **1:1** (13.1%), xG 1.484:1.053, Over 2.5: 46.8%

## [[fifwc-usa-aus-2026-06-19|United States vs. Australia]] (2026-06-19)

| Quelle | United States | Remis | Australia |
|---|---|---|---|
| Markt | 61.2% | 21.4% | 17.4% |
| Buchmacher (pinnacle) | 61.0% | 21.1% | 17.9% |
| Modell | 37.9% | 30.5% | 31.6% |
| **Ensemble** | **59.0%** | **20.9%** | **20.0%** |

Top-Ergebnis: **1:1** (10.5%), xG 2.03:1.127, Over 2.5: 60.7%
