# Daily Run 2026-06-15

- Start: 2026-06-15T18:45:08  |  Dauer: 44.0s
- StatsBomb: `open-data` / historical
- Spiele OK: 7 | Fehler: 0


## Kalibrierung (Brier, kumulativ)

| Quelle | Ø Brier | n |
|---|---|---|
| kalshi | 0.6637 | 9 |
| books | 0.6661 | 9 |
| market | 0.6669 | 9 |
| ensemble | 0.6706 | 9 |
| whale | 0.7188 | 4 |
| model | 0.7718 | 9 |

## [[fifwc-arg-alg-2026-06-16|Argentina vs. Algeria]] (2026-06-16)

| Quelle | Argentina | Remis | Algeria |
|---|---|---|---|
| Markt | 70.1% | 20.4% | 9.5% |
| Buchmacher (pinnacle) | 69.8% | 20.6% | 9.6% |
| Modell | 78.5% | 15.3% | 6.2% |
| **Ensemble** | **75.4%** | **16.9%** | **7.7%** |

Top-Ergebnis: **2:0** (13.8%), xG 2.188:0.647, Over 2.5: 54.0%

## [[fifwc-bel-egy-2026-06-15|Belgium vs. Egypt]] (2026-06-15)

| Quelle | Belgium | Remis | Egypt |
|---|---|---|---|
| Markt | 61.2% | 23.4% | 15.4% |
| Buchmacher (pinnacle) | 61.5% | 23.2% | 15.4% |
| Modell | 58.7% | 24.5% | 16.8% |
| **Ensemble** | **65.6%** | **20.6%** | **13.8%** |

Top-Ergebnis: **2:0** (11.2%), xG 1.928:0.885, Over 2.5: 53.0%

## [[fifwc-esp-cvi-2026-06-15|Spain vs. Cabo Verde]] (2026-06-15)

| Quelle | Spain | Remis | Cabo Verde |
|---|---|---|---|
| Markt | 80.4% | 14.9% | 4.7% |
| Modell | 89.8% | 8.7% | 1.5% |
| **Ensemble** | **86.7%** | **10.4%** | **2.9%** |

Top-Ergebnis: **2:0** (16.4%), xG 2.604:0.415, Over 2.5: 57.8%

## [[fifwc-fra-sen-2026-06-16|France vs. Senegal]] (2026-06-16)

| Quelle | France | Remis | Senegal |
|---|---|---|---|
| Markt | 66.2% | 21.4% | 12.4% |
| Buchmacher (pinnacle) | 66.4% | 20.9% | 12.6% |
| Modell | 57.4% | 25.6% | 17.0% |
| **Ensemble** | **68.6%** | **19.5%** | **11.9%** |

Top-Ergebnis: **2:0** (11.3%), xG 2.01:0.819, Over 2.5: 53.7%

## [[fifwc-irn-nzl-2026-06-15|IR Iran vs. New Zealand]] (2026-06-15)

| Quelle | Iran | Remis | New Zealand |
|---|---|---|---|
| Markt | 53.8% | 27.6% | 18.6% |
| Buchmacher (pinnacle) | 53.7% | 27.3% | 18.9% |
| Modell | 54.7% | 26.6% | 18.7% |
| **Ensemble** | **59.9%** | **23.8%** | **16.3%** |

Top-Ergebnis: **1:0** (13.0%), xG 1.601:0.847, Over 2.5: 44.2%

## [[fifwc-irq-nor-2026-06-16|Iraq vs. Norway]] (2026-06-16)

| Quelle | Iraq | Remis | Norway |
|---|---|---|---|
| Markt | 5.5% | 12.4% | 82.1% |
| Buchmacher (pinnacle) | 5.4% | 12.2% | 82.4% |
| Modell | 10.8% | 22.4% | 66.8% |
| **Ensemble** | **6.1%** | **13.0%** | **80.9%** |

Top-Ergebnis: **0:2** (12.2%), xG 0.708:2.762, Over 2.5: 66.6%

## [[fifwc-ksa-ury-2026-06-15|Saudi Arabia vs. Uruguay]] (2026-06-15)

| Quelle | Saudi Arabia | Remis | Uruguay |
|---|---|---|---|
| Markt | 11.4% | 21.4% | 67.2% |
| Buchmacher (pinnacle) | 11.1% | 21.7% | 67.3% |
| Modell | 6.9% | 18.7% | 74.4% |
| **Ensemble** | **9.1%** | **18.6%** | **72.3%** |

Top-Ergebnis: **0:2** (13.1%), xG 0.705:2.088, Over 2.5: 52.6%
