# Daily Run 2026-06-27

- Start: 2026-06-27T16:00:04  |  Dauer: 44.0s
- StatsBomb: `open-data` / historical
- Spiele OK: 7 | Fehler: 0


## Kalibrierung (Brier, kumulativ)

| Quelle | Ø Brier | n |
|---|---|---|
| kalshi | 0.4547 | 58 |
| market | 0.4562 | 58 |
| ensemble | 0.4624 | 58 |
| books | 0.464 | 56 |
| model | 0.5138 | 58 |
| whale | 0.5631 | 53 |

## [[fifwc-alg-aut-2026-06-27|Algeria vs. Austria]] (2026-06-27)

| Quelle | Algeria | Remis | Austria |
|---|---|---|---|
| Markt | 23.6% | 46.7% | 29.6% |
| Buchmacher (pinnacle) | 24.4% | 46.4% | 29.2% |
| Modell | 27.1% | 27.5% | 45.4% |
| **Ensemble** | **21.8%** | **48.3%** | **29.9%** |

Top-Ergebnis: **0:0** (26.5%), xG 0.618:0.775, Over 2.5: 16.6%

## [[fifwc-cdr-uzb-2026-06-27|DR Congo vs. Uzbekistan]] (2026-06-27)

| Quelle | DR Congo | Remis | Uzbekistan |
|---|---|---|---|
| Markt | 58.8% | 23.6% | 17.6% |
| Buchmacher (pinnacle) | 57.6% | 24.1% | 18.4% |
| Modell | 39.1% | 28.7% | 32.2% |
| **Ensemble** | **58.6%** | **22.2%** | **19.2%** |

Top-Ergebnis: **1:1** (11.9%), xG 1.834:1.06, Over 2.5: 55.0%

## [[fifwc-col-prt-2026-06-27|Colombia vs. Portugal]] (2026-06-27)

| Quelle | Colombia | Remis | Portugal |
|---|---|---|---|
| Markt | 26.4% | 24.4% | 49.3% |
| Buchmacher (pinnacle) | 26.8% | 24.7% | 48.4% |
| Modell | 34.6% | 27.2% | 38.1% |
| **Ensemble** | **27.2%** | **22.0%** | **50.8%** |

Top-Ergebnis: **1:1** (11.0%), xG 1.36:1.807, Over 2.5: 61.1%

## [[fifwc-hrv-gha-2026-06-27|Croatia vs. Ghana]] (2026-06-27)

| Quelle | Croatia | Remis | Ghana |
|---|---|---|---|
| Markt | 52.2% | 30.3% | 17.4% |
| Buchmacher (pinnacle) | 51.7% | 30.6% | 17.6% |
| Modell | 70.0% | 19.8% | 10.2% |
| **Ensemble** | **59.1%** | **25.8%** | **15.2%** |

Top-Ergebnis: **1:0** (15.3%), xG 1.528:0.694, Over 2.5: 38.4%

## [[fifwc-jor-arg-2026-06-27|Jordan vs. Argentina]] (2026-06-27)

| Quelle | Jordan | Remis | Argentina |
|---|---|---|---|
| Markt | 4.8% | 10.4% | 84.8% |
| Buchmacher (pinnacle) | 4.6% | 10.6% | 84.8% |
| Modell | 0.9% | 6.3% | 92.8% |
| **Ensemble** | **3.6%** | **8.4%** | **88.0%** |

Top-Ergebnis: **0:3** (11.2%), xG 0.672:3.317, Over 2.5: 75.7%

## [[fifwc-pan-eng-2026-06-27|Panama vs. England]] (2026-06-27)

| Quelle | Panama | Remis | England |
|---|---|---|---|
| Markt | 4.5% | 9.5% | 85.9% |
| Buchmacher (pinnacle) | 5.4% | 10.4% | 84.3% |
| Modell | 5.5% | 16.1% | 78.4% |
| **Ensemble** | **4.5%** | **10.0%** | **85.5%** |

Top-Ergebnis: **0:3** (10.2%), xG 0.758:3.292, Over 2.5: 76.8%

## [[fifwc-rsa-can-2026-06-28|South Africa vs. Canada]] (2026-06-28)

| Quelle | South Africa | Remis | Canada |
|---|---|---|---|
| Markt | 16.8% | 26.9% | 56.3% |
| Buchmacher (pinnacle) | 17.7% | 26.9% | 55.4% |
| Modell | 12.5% | 23.5% | 64.0% |
| **Ensemble** | **13.8%** | **22.1%** | **64.1%** |

Top-Ergebnis: **0:1** (12.9%), xG 0.769:1.681, Over 2.5: 44.3%
