# Daily Run 2026-06-16

- Start: 2026-06-16T07:51:09  |  Dauer: 36.8s
- StatsBomb: `open-data` / historical
- Spiele OK: 9 | Fehler: 0


## Kalibrierung (Brier, kumulativ)

| Quelle | Ø Brier | n |
|---|---|---|
| kalshi | 0.7376 | 12 |
| market | 0.7431 | 12 |
| books | 0.7431 | 12 |
| ensemble | 0.7729 | 12 |
| model | 0.8317 | 12 |
| whale | 1.2427 | 7 |

## [[fifwc-arg-alg-2026-06-16|Argentina vs. Algeria]] (2026-06-16)

| Quelle | Argentina | Remis | Algeria |
|---|---|---|---|
| Markt | 69.2% | 20.4% | 10.4% |
| Buchmacher (pinnacle) | 68.2% | 20.7% | 11.1% |
| Modell | 78.5% | 15.3% | 6.2% |
| **Ensemble** | **74.0%** | **17.5%** | **8.6%** |

Top-Ergebnis: **2:0** (12.8%), xG 2.228:0.706, Over 2.5: 56.3%

## [[fifwc-aut-jor-2026-06-17|Austria vs. Jordan]] (2026-06-17)

| Quelle | Austria | Remis | Jordan |
|---|---|---|---|
| Markt | 71.9% | 17.6% | 10.6% |
| Buchmacher (pinnacle) | 71.3% | 17.8% | 10.9% |
| Modell | 50.8% | 27.2% | 22.0% |
| **Ensemble** | **64.6%** | **20.6%** | **14.7%** |

Top-Ergebnis: **2:0** (10.3%), xG 2.355:0.93, Over 2.5: 63.6%

## [[fifwc-bel-egy-2026-06-15|Belgium vs. Egypt]] (2026-06-15)

| Quelle | Belgium | Remis | Egypt |
|---|---|---|---|
| Markt | 0.0% | 100.0% | 0.0% |
| Modell | 58.7% | 24.5% | 16.8% |
| **Ensemble** | **27.7%** | **67.1%** | **5.2%** |

Top-Ergebnis: **0:0** (35.2%), xG 0.677:0.406, Over 2.5: 9.6%

## [[fifwc-eng-hrv-2026-06-17|England vs. Croatia]] (2026-06-17)

| Quelle | England | Remis | Croatia |
|---|---|---|---|
| Markt | 56.2% | 25.4% | 18.4% |
| Buchmacher (pinnacle) | 56.1% | 24.8% | 19.1% |
| Modell | 56.0% | 21.9% | 22.1% |
| **Ensemble** | **56.1%** | **22.7%** | **21.2%** |

Top-Ergebnis: **1:1** (11.6%), xG 1.868:1.02, Over 2.5: 54.9%

## [[fifwc-fra-sen-2026-06-16|France vs. Senegal]] (2026-06-16)

| Quelle | France | Remis | Senegal |
|---|---|---|---|
| Markt | 65.5% | 21.2% | 13.3% |
| Buchmacher (pinnacle) | 64.2% | 21.2% | 14.6% |
| Modell | 57.4% | 25.6% | 17.0% |
| **Ensemble** | **67.5%** | **19.6%** | **12.9%** |

Top-Ergebnis: **2:0** (10.7%), xG 2.07:0.884, Over 2.5: 56.8%

## [[fifwc-gha-pan-2026-06-17|Ghana vs. Panama]] (2026-06-17)

| Quelle | Ghana | Remis | Panama |
|---|---|---|---|
| Markt | 43.7% | 28.6% | 27.6% |
| Buchmacher (pinnacle) | 43.6% | 27.9% | 28.4% |
| Modell | 16.6% | 25.4% | 58.0% |
| **Ensemble** | **34.9%** | **28.2%** | **36.8%** |

Top-Ergebnis: **1:1** (13.7%), xG 1.325:1.226, Over 2.5: 46.9%

## [[fifwc-irq-nor-2026-06-16|Iraq vs. Norway]] (2026-06-16)

| Quelle | Iraq | Remis | Norway |
|---|---|---|---|
| Markt | 5.5% | 12.4% | 82.1% |
| Buchmacher (pinnacle) | 6.2% | 12.8% | 81.0% |
| Modell | 10.8% | 22.4% | 66.8% |
| **Ensemble** | **6.8%** | **13.4%** | **79.9%** |

Top-Ergebnis: **0:2** (12.2%), xG 0.708:2.762, Over 2.5: 66.6%

## [[fifwc-prt-cdr-2026-06-17|Portugal vs. DR Congo]] (2026-06-17)

| Quelle | Portugal | Remis | DR Congo |
|---|---|---|---|
| Markt | 76.1% | 16.4% | 7.5% |
| Buchmacher (pinnacle) | 76.3% | 16.2% | 7.5% |
| Modell | 70.5% | 20.8% | 8.7% |
| **Ensemble** | **75.5%** | **17.5%** | **7.0%** |

Top-Ergebnis: **2:0** (13.6%), xG 2.375:0.661, Over 2.5: 57.8%

## [[fifwc-uzb-col-2026-06-17|Uzbekistan vs. Colombia]] (2026-06-17)

| Quelle | Uzbekistan | Remis | Colombia |
|---|---|---|---|
| Markt | 9.5% | 19.4% | 71.1% |
| Buchmacher (pinnacle) | 9.4% | 19.4% | 71.3% |
| Modell | 13.5% | 20.7% | 65.8% |
| **Ensemble** | **9.6%** | **23.8%** | **66.7%** |

Top-Ergebnis: **0:2** (12.4%), xG 0.75:2.217, Over 2.5: 56.8%
