# Daily Run 2026-07-06

- Start: 2026-07-06T23:00:05  |  Dauer: 39.0s
- StatsBomb: `open-data` / historical
- Spiele OK: 4 | Fehler: 0

> ⚠️ FBref-Cache aelter als 20h; Daily nutzt stale Form statt Live-Fetch zu blockieren.

## Kalibrierung (Brier, kumulativ)

| Quelle | Ø Brier | n |
|---|---|---|
| ensemble | 0.4401 | 81 |
| market | 0.444 | 81 |
| kalshi | 0.4458 | 63 |
| books | 0.4525 | 78 |
| model | 0.4844 | 81 |
| whale | 0.5085 | 76 |

## [[fifwc-arg-egy-2026-07-07|Argentina vs. Egypt]] (2026-07-07)

| Quelle | Argentina | Remis | Egypt |
|---|---|---|---|
| Markt | 71.1% | 20.4% | 8.5% |
| Buchmacher (pinnacle) | 71.3% | 19.4% | 9.2% |
| Modell | 82.3% | 13.5% | 4.1% |
| **Ensemble** | **76.2%** | **17.2%** | **6.6%** |

Top-Ergebnis: **2:0** (14.9%), xG 2.168:0.552, Over 2.5: 51.3%

## [[fifwc-che-col-2026-07-07|Switzerland vs. Colombia]] (2026-07-07)

| Quelle | Switzerland | Remis | Colombia |
|---|---|---|---|
| Markt | 26.4% | 31.3% | 42.3% |
| Buchmacher (pinnacle) | 26.4% | 31.0% | 42.6% |
| Modell | 32.3% | 27.6% | 40.1% |
| **Ensemble** | **25.1%** | **26.8%** | **48.0%** |

Top-Ergebnis: **1:1** (14.1%), xG 1.018:1.297, Over 2.5: 40.6%

## [[fifwc-prt-esp-2026-07-06|Portugal vs. Spain]] (2026-07-06)

| Quelle | Portugal | Remis | Spain |
|---|---|---|---|
| Markt | 0.0% | 8.5% | 91.5% |
| Buchmacher (pinnacle) | 12.6% | 58.1% | 29.3% |
| Modell | 21.6% | 25.7% | 52.7% |
| **Ensemble** | **8.6%** | **25.8%** | **65.6%** |

Top-Ergebnis: **0:2** (15.7%), xG 0.424:2.767, Over 2.5: 61.5%

## [[fifwc-usa-bel-2026-07-06|United States vs. Belgium]] (2026-07-06)

| Quelle | United States | Remis | Belgium |
|---|---|---|---|
| Markt | 38.3% | 27.4% | 34.3% |
| Buchmacher (pinnacle) | 37.9% | 28.2% | 33.9% |
| Modell | 27.4% | 27.5% | 45.1% |
| **Ensemble** | **35.9%** | **26.7%** | **37.4%** |

Top-Ergebnis: **1:1** (12.8%), xG 1.397:1.421, Over 2.5: 53.5%
