# Daily Run 2026-07-01

- Start: 2026-07-01T11:13:27  |  Dauer: 38.5s
- StatsBomb: `open-data` / historical
- Spiele OK: 6 | Fehler: 0

> ⚠️ FBref-Cache aelter als 20h; Daily nutzt stale Form statt Live-Fetch zu blockieren.

## Kalibrierung (Brier, kumulativ)

| Quelle | Ø Brier | n |
|---|---|---|
| kalshi | 0.4458 | 63 |
| market | 0.4567 | 70 |
| ensemble | 0.457 | 70 |
| books | 0.4631 | 68 |
| model | 0.4975 | 70 |
| whale | 0.5486 | 65 |

## [[fifwc-bel-sen-2026-07-01|Belgium vs. Senegal]] (2026-07-01)

| Quelle | Belgium | Remis | Senegal |
|---|---|---|---|
| Markt | 45.3% | 29.4% | 25.4% |
| Buchmacher (pinnacle) | 44.3% | 29.3% | 26.4% |
| Modell | 45.6% | 27.1% | 27.4% |
| **Ensemble** | **50.1%** | **25.2%** | **24.6%** |

Top-Ergebnis: **1:1** (13.2%), xG 1.46:1.05, Over 2.5: 46.1%

## [[fifwc-che-alg-2026-07-02|Switzerland vs. Algeria]] (2026-07-02)

| Quelle | Switzerland | Remis | Algeria |
|---|---|---|---|
| Markt | 47.7% | 29.6% | 22.6% |
| Buchmacher (pinnacle) | 47.7% | 29.4% | 22.9% |
| Modell | 54.5% | 25.0% | 20.5% |
| **Ensemble** | **55.6%** | **24.8%** | **19.5%** |

Top-Ergebnis: **1:1** (13.1%), xG 1.51:0.94, Over 2.5: 44.5%

## [[fifwc-eng-cdr-2026-07-01|England vs. DR Congo]] (2026-07-01)

| Quelle | England | Remis | DR Congo |
|---|---|---|---|
| Markt | 76.1% | 18.4% | 5.5% |
| Buchmacher (pinnacle) | 75.7% | 18.1% | 6.2% |
| Modell | 76.8% | 16.7% | 6.5% |
| **Ensemble** | **75.8%** | **19.0%** | **5.2%** |

Top-Ergebnis: **2:0** (16.7%), xG 2.15:0.462, Over 2.5: 48.1%

## [[fifwc-esp-aut-2026-07-02|Spain vs. Austria]] (2026-07-02)

| Quelle | Spain | Remis | Austria |
|---|---|---|---|
| Markt | 73.9% | 17.6% | 8.5% |
| Buchmacher (pinnacle) | 73.5% | 17.6% | 8.9% |
| Modell | 76.7% | 15.9% | 7.4% |
| **Ensemble** | **78.2%** | **14.6%** | **7.1%** |

Top-Ergebnis: **2:0** (12.7%), xG 2.426:0.711, Over 2.5: 60.1%

## [[fifwc-prt-hrv-2026-07-02|Portugal vs. Croatia]] (2026-07-02)

| Quelle | Portugal | Remis | Croatia |
|---|---|---|---|
| Markt | 53.7% | 27.1% | 19.2% |
| Buchmacher (pinnacle) | 53.8% | 26.7% | 19.4% |
| Modell | 51.8% | 24.3% | 23.9% |
| **Ensemble** | **57.6%** | **22.6%** | **19.8%** |

Top-Ergebnis: **1:1** (12.7%), xG 1.696:0.972, Over 2.5: 49.8%

## [[fifwc-usa-bih-2026-07-01|United States vs. Bosnia and Herzegovina]] (2026-07-01)

| Quelle | United States | Remis | Bosnia and Herzegovina |
|---|---|---|---|
| Markt | 70.1% | 19.4% | 10.4% |
| Modell | 60.2% | 24.5% | 15.3% |
| **Ensemble** | **72.4%** | **17.4%** | **10.2%** |

Top-Ergebnis: **2:0** (11.7%), xG 2.121:0.799, Over 2.5: 55.9%
