# Daily Run 2026-06-28

- Start: 2026-06-28T16:00:05  |  Dauer: 23.0s
- StatsBomb: `open-data` / historical
- Spiele OK: 4 | Fehler: 0


## Kalibrierung (Brier, kumulativ)

| Quelle | Ø Brier | n |
|---|---|---|
| kalshi | 0.4458 | 63 |
| market | 0.447 | 63 |
| ensemble | 0.4518 | 63 |
| books | 0.4541 | 61 |
| model | 0.502 | 63 |
| whale | 0.5466 | 58 |

## [[fifwc-bra-jpn-2026-06-29|Brazil vs. Japan]] (2026-06-29)

| Quelle | Brazil | Remis | Japan |
|---|---|---|---|
| Markt | 56.7% | 25.1% | 18.2% |
| Buchmacher (pinnacle) | 57.4% | 24.6% | 18.1% |
| Modell | 59.7% | 23.0% | 17.3% |
| **Ensemble** | **62.2%** | **22.3%** | **15.5%** |

Top-Ergebnis: **1:1** (11.5%), xG 1.854:0.952, Over 2.5: 52.8%

## [[fifwc-ger-par-2026-06-29|Germany vs. Paraguay]] (2026-06-29)

| Quelle | Germany | Remis | Paraguay |
|---|---|---|---|
| Markt | 73.1% | 18.4% | 8.5% |
| Buchmacher (pinnacle) | 72.4% | 17.7% | 10.0% |
| Modell | 57.5% | 24.4% | 18.0% |
| **Ensemble** | **72.1%** | **18.1%** | **9.9%** |

Top-Ergebnis: **2:0** (12.5%), xG 2.19:0.742, Over 2.5: 56.3%

## [[fifwc-nld-mar-2026-06-29|Netherlands vs. Morocco]] (2026-06-29)

| Quelle | Netherlands | Remis | Morocco |
|---|---|---|---|
| Markt | 44.7% | 30.7% | 24.6% |
| Buchmacher (pinnacle) | 44.9% | 30.1% | 25.0% |
| Modell | 46.0% | 26.3% | 27.7% |
| **Ensemble** | **46.8%** | **30.3%** | **22.9%** |

Top-Ergebnis: **1:1** (13.7%), xG 1.397:1.004, Over 2.5: 43.0%

## [[fifwc-rsa-can-2026-06-28|South Africa vs. Canada]] (2026-06-28)

| Quelle | South Africa | Remis | Canada |
|---|---|---|---|
| Markt | 15.6% | 25.6% | 58.8% |
| Buchmacher (pinnacle) | 15.7% | 26.1% | 58.2% |
| Modell | 12.5% | 23.5% | 64.0% |
| **Ensemble** | **12.7%** | **23.4%** | **63.9%** |

Top-Ergebnis: **0:1** (13.1%), xG 0.769:1.758, Over 2.5: 46.1%
