# Daily Run 2026-06-15

- Start: 2026-06-15T08:41:48  |  Dauer: 29.2s
- StatsBomb: `open-data` / historical
- Spiele OK: 7 | Fehler: 0


## Kalibrierung (Brier, kumulativ)

| Quelle | Ø Brier | n |
|---|---|---|
| kalshi | 0.6502 | 8 |
| ensemble | 0.6502 | 8 |
| books | 0.6547 | 8 |
| market | 0.6566 | 8 |
| whale | 0.7188 | 4 |
| model | 0.7247 | 8 |

## [[fifwc-arg-alg-2026-06-16|Argentina vs. Algeria]] (2026-06-16)

| Quelle | Argentina | Remis | Algeria |
|---|---|---|---|
| Markt | 70.1% | 20.4% | 9.5% |
| Buchmacher (pinnacle) | 69.7% | 20.7% | 9.6% |
| Modell | 78.5% | 15.3% | 6.2% |
| **Ensemble** | **75.4%** | **16.8%** | **7.8%** |

Top-Ergebnis: **2:0** (13.8%), xG 2.188:0.647, Over 2.5: 54.0%

## [[fifwc-bel-egy-2026-06-15|Belgium vs. Egypt]] (2026-06-15)

| Quelle | Belgium | Remis | Egypt |
|---|---|---|---|
| Markt | 61.2% | 23.4% | 15.4% |
| Buchmacher (pinnacle) | 60.3% | 23.6% | 16.1% |
| Modell | 58.7% | 24.5% | 16.8% |
| **Ensemble** | **64.9%** | **21.1%** | **14.0%** |

Top-Ergebnis: **2:0** (11.2%), xG 1.928:0.885, Over 2.5: 53.0%

## [[fifwc-esp-cvi-2026-06-15|Spain vs. Cabo Verde]] (2026-06-15)

| Quelle | Spain | Remis | Cabo Verde |
|---|---|---|---|
| Markt | 91.4% | 6.1% | 2.4% |
| Modell | 89.8% | 8.7% | 1.5% |
| **Ensemble** | **92.4%** | **5.9%** | **1.7%** |

Top-Ergebnis: **3:0** (14.5%), xG 3.367:0.387, Over 2.5: 71.6%

## [[fifwc-fra-sen-2026-06-16|France vs. Senegal]] (2026-06-16)

| Quelle | France | Remis | Senegal |
|---|---|---|---|
| Markt | 66.2% | 21.4% | 12.4% |
| Buchmacher (pinnacle) | 66.1% | 21.1% | 12.8% |
| Modell | 57.4% | 25.6% | 17.0% |
| **Ensemble** | **68.6%** | **19.5%** | **11.9%** |

Top-Ergebnis: **2:0** (11.4%), xG 2.009:0.818, Over 2.5: 53.7%

## [[fifwc-irn-nzl-2026-06-15|IR Iran vs. New Zealand]] (2026-06-15)

| Quelle | Iran | Remis | New Zealand |
|---|---|---|---|
| Markt | 50.2% | 28.4% | 21.4% |
| Buchmacher (pinnacle) | 50.2% | 28.7% | 21.0% |
| Modell | 54.7% | 26.6% | 18.7% |
| **Ensemble** | **58.0%** | **24.2%** | **17.8%** |

Top-Ergebnis: **1:1** (13.2%), xG 1.548:0.92, Over 2.5: 44.5%

## [[fifwc-irq-nor-2026-06-16|Iraq vs. Norway]] (2026-06-16)

| Quelle | Iraq | Remis | Norway |
|---|---|---|---|
| Markt | 5.5% | 12.4% | 82.1% |
| Buchmacher (pinnacle) | 5.5% | 12.2% | 82.3% |
| Modell | 10.8% | 22.4% | 66.8% |
| **Ensemble** | **6.0%** | **12.8%** | **81.2%** |

Top-Ergebnis: **0:2** (12.2%), xG 0.708:2.768, Over 2.5: 66.8%

## [[fifwc-ksa-ury-2026-06-15|Saudi Arabia vs. Uruguay]] (2026-06-15)

| Quelle | Saudi Arabia | Remis | Uruguay |
|---|---|---|---|
| Markt | 11.6% | 22.6% | 65.8% |
| Buchmacher (pinnacle) | 12.0% | 22.0% | 66.0% |
| Modell | 6.9% | 18.7% | 74.4% |
| **Ensemble** | **9.3%** | **18.8%** | **71.9%** |

Top-Ergebnis: **0:2** (13.8%), xG 0.665:1.99, Over 2.5: 49.1%
