# Daily Run 2026-06-14

- Start: 2026-06-14T18:03:42  |  Dauer: 16.8s
- StatsBomb: `open-data` / historical
- Spiele OK: 7 | Fehler: 1


## Kalibrierung (Brier, kumulativ)

| Quelle | Ø Brier | n |
|---|---|---|
| whale | 0.7188 | 4 |
| ensemble | 0.7997 | 5 |
| kalshi | 0.8034 | 5 |
| books | 0.8056 | 5 |
| market | 0.8117 | 5 |
| model | 0.9105 | 5 |

## [[fifwc-bel-egy-2026-06-15|Belgium vs. Egypt]] (2026-06-15)

| Quelle | Belgium | Remis | Egypt |
|---|---|---|---|
| Markt | 60.2% | 24.4% | 15.4% |
| Buchmacher (pinnacle) | 60.3% | 23.5% | 16.2% |
| Modell | 58.7% | 24.5% | 16.8% |
| **Ensemble** | **59.9%** | **24.0%** | **16.1%** |

Top-Ergebnis: **1:1** (11.6%), xG 1.835:0.853, Over 2.5: 50.2%

## [[fifwc-civ-ecu-2026-06-14|Côte d'Ivoire vs. Ecuador]] (2026-06-14)

| Quelle | Ivory Coast | Remis | Ecuador |
|---|---|---|---|
| Markt | 29.4% | 33.3% | 37.3% |
| Buchmacher (pinnacle) | 29.0% | 33.7% | 37.4% |
| Modell | 14.9% | 24.7% | 60.4% |
| **Ensemble** | **25.7%** | **31.4%** | **42.9%** |

Top-Ergebnis: **1:1** (14.1%), xG 0.898:1.251, Over 2.5: 36.3%

## [[fifwc-ger-kor-2026-06-14|Germany vs. Curaçao]] (2026-06-14)

| Quelle | Germany | Remis | Curacao |
|---|---|---|---|
| Markt | 94.2% | 3.5% | 2.2% |
| Buchmacher (pinnacle) | 94.8% | 3.6% | 1.5% |
| Modell | 81.0% | 14.3% | 4.7% |
| **Ensemble** | **91.1%** | **6.2%** | **2.6%** |

Top-Ergebnis: **3:0** (16.1%), xG 3.336:0.283, Over 2.5: 69.1%

## [[fifwc-irn-nzl-2026-06-15|IR Iran vs. New Zealand]] (2026-06-15)

| Quelle | Iran | Remis | New Zealand |
|---|---|---|---|
| Markt | 52.3% | 27.9% | 19.8% |
| Buchmacher (pinnacle) | 53.0% | 27.2% | 19.8% |
| Modell | 54.7% | 26.6% | 18.7% |
| **Ensemble** | **53.0%** | **27.3%** | **19.6%** |

Top-Ergebnis: **1:1** (13.0%), xG 1.575:0.879, Over 2.5: 44.3%

## [[fifwc-ksa-ury-2026-06-15|Saudi Arabia vs. Uruguay]] (2026-06-15)

| Quelle | Saudi Arabia | Remis | Uruguay |
|---|---|---|---|
| Markt | 11.6% | 21.6% | 66.8% |
| Buchmacher (pinnacle) | 11.2% | 21.0% | 67.8% |
| Modell | 6.9% | 18.7% | 74.4% |
| **Ensemble** | **10.3%** | **20.7%** | **68.9%** |

Top-Ergebnis: **0:2** (13.8%), xG 0.681:2.051, Over 2.5: 51.1%

## [[fifwc-nld-jpn-2026-06-14|Netherlands vs. Japan]] (2026-06-14)

| Quelle | Netherlands | Remis | Japan |
|---|---|---|---|
| Markt | 47.3% | 27.4% | 25.4% |
| Buchmacher (pinnacle) | 47.2% | 27.1% | 25.7% |
| Modell | 42.3% | 25.7% | 32.0% |
| **Ensemble** | **46.0%** | **26.9%** | **27.1%** |

Top-Ergebnis: **1:1** (12.4%), xG 1.6:1.178, Over 2.5: 52.6%

## [[fifwc-swe-tun-2026-06-14|Sweden vs. Tunisia]] (2026-06-14)

| Quelle | Sweden | Remis | Tunisia |
|---|---|---|---|
| Markt | 50.2% | 28.4% | 21.4% |
| Buchmacher (pinnacle) | 49.5% | 27.7% | 22.9% |
| Modell | 51.5% | 26.4% | 22.0% |
| **Ensemble** | **50.4%** | **27.6%** | **22.0%** |

Top-Ergebnis: **1:1** (12.8%), xG 1.555:0.952, Over 2.5: 46.1%
