# Daily Run 2026-07-05

- Start: 2026-07-05T23:00:04  |  Dauer: 20.0s
- StatsBomb: `open-data` / historical
- Spiele OK: 4 | Fehler: 0

> ⚠️ FBref-Cache aelter als 20h; Daily nutzt stale Form statt Live-Fetch zu blockieren.

## Kalibrierung (Brier, kumulativ)

| Quelle | Ø Brier | n |
|---|---|---|
| ensemble | 0.4302 | 79 |
| market | 0.435 | 79 |
| books | 0.4439 | 76 |
| kalshi | 0.4458 | 63 |
| model | 0.4766 | 79 |
| whale | 0.4888 | 74 |

## [[fifwc-bra-nor-2026-07-05|Brazil vs. Norway]] (2026-07-05)

| Quelle | Brazil | Remis | Norway |
|---|---|---|---|
| Markt | 48.7% | 32.7% | 18.6% |
| Buchmacher (pinnacle) | 54.3% | 26.0% | 19.7% |
| Modell | 62.0% | 22.0% | 16.1% |
| **Ensemble** | **60.5%** | **23.8%** | **15.7%** |

Top-Ergebnis: **1:0** (14.9%), xG 1.418:0.736, Over 2.5: 36.6%

## [[fifwc-mex-eng-2026-07-05|Mexico vs. England]] (2026-07-05)

| Quelle | Mexico | Remis | England |
|---|---|---|---|
| Markt | 31.7% | 30.7% | 37.7% |
| Buchmacher (pinnacle) | 30.5% | 30.4% | 39.1% |
| Modell | 28.7% | 26.0% | 45.4% |
| **Ensemble** | **34.2%** | **25.0%** | **40.8%** |

Top-Ergebnis: **1:1** (13.6%), xG 1.152:1.323, Over 2.5: 44.8%

## [[fifwc-prt-esp-2026-07-06|Portugal vs. Spain]] (2026-07-06)

| Quelle | Portugal | Remis | Spain |
|---|---|---|---|
| Markt | 23.4% | 26.4% | 50.2% |
| Buchmacher (pinnacle) | 24.0% | 25.6% | 50.5% |
| Modell | 21.6% | 25.7% | 52.7% |
| **Ensemble** | **20.4%** | **22.6%** | **57.0%** |

Top-Ergebnis: **1:1** (12.3%), xG 1.093:1.707, Over 2.5: 52.9%

## [[fifwc-usa-bel-2026-07-06|United States vs. Belgium]] (2026-07-06)

| Quelle | United States | Remis | Belgium |
|---|---|---|---|
| Markt | 35.3% | 28.4% | 36.3% |
| Buchmacher (pinnacle) | 37.2% | 27.8% | 35.0% |
| Modell | 27.4% | 27.5% | 45.1% |
| **Ensemble** | **36.3%** | **25.7%** | **38.0%** |

Top-Ergebnis: **1:1** (13.0%), xG 1.29:1.393, Over 2.5: 50.0%
