# Daily Run 2026-07-05

- Start: 2026-07-05T19:32:37  |  Dauer: 27.4s
- StatsBomb: `open-data` / historical
- Spiele OK: 4 | Fehler: 0

> ⚠️ FBref-Cache aelter als 20h; Daily nutzt stale Form statt Live-Fetch zu blockieren.

## Kalibrierung (Brier, kumulativ)

| Quelle | Ø Brier | n |
|---|---|---|
| ensemble | 0.4302 | 79 |
| market | 0.435 | 79 |
| books | 0.4439 | 76 |
| kalshi | 0.4458 | 63 |
| model | 0.4766 | 79 |
| whale | 0.4888 | 74 |

## [[fifwc-bra-nor-2026-07-05|Brazil vs. Norway]] (2026-07-05)

| Quelle | Brazil | Remis | Norway |
|---|---|---|---|
| Markt | 54.2% | 26.4% | 19.4% |
| Buchmacher (pinnacle) | 54.3% | 26.0% | 19.7% |
| Modell | 62.0% | 22.0% | 16.1% |
| **Ensemble** | **61.7%** | **21.9%** | **16.4%** |

Top-Ergebnis: **1:1** (11.8%), xG 1.784:0.944, Over 2.5: 51.1%

## [[fifwc-mex-eng-2026-07-05|Mexico vs. England]] (2026-07-05)

| Quelle | Mexico | Remis | England |
|---|---|---|---|
| Markt | 30.3% | 30.3% | 39.3% |
| Buchmacher (pinnacle) | 30.5% | 30.4% | 39.1% |
| Modell | 28.7% | 26.0% | 45.4% |
| **Ensemble** | **31.7%** | **25.0%** | **43.3%** |

Top-Ergebnis: **1:1** (13.7%), xG 1.151:1.369, Over 2.5: 46.0%

## [[fifwc-prt-esp-2026-07-06|Portugal vs. Spain]] (2026-07-06)

| Quelle | Portugal | Remis | Spain |
|---|---|---|---|
| Markt | 23.2% | 26.1% | 50.7% |
| Buchmacher (pinnacle) | 24.0% | 25.6% | 50.5% |
| Modell | 21.6% | 25.7% | 52.7% |
| **Ensemble** | **20.7%** | **22.5%** | **56.8%** |

Top-Ergebnis: **1:1** (12.2%), xG 1.093:1.727, Over 2.5: 53.5%

## [[fifwc-usa-bel-2026-07-06|United States vs. Belgium]] (2026-07-06)

| Quelle | United States | Remis | Belgium |
|---|---|---|---|
| Markt | 37.3% | 28.4% | 34.3% |
| Buchmacher (pinnacle) | 37.2% | 27.8% | 35.0% |
| Modell | 27.4% | 27.5% | 45.1% |
| **Ensemble** | **32.6%** | **27.4%** | **40.0%** |

Top-Ergebnis: **1:1** (13.5%), xG 1.322:1.353, Over 2.5: 49.8%
