# Daily Run 2026-06-14

- Start: 2026-06-14T01:16:41  |  Dauer: 68.5s
- StatsBomb: `open-data` / historical
- Spiele OK: 12 | Fehler: 0


## Kalibrierung (Brier, kumulativ)

| Quelle | Ø Brier | n |
|---|---|---|
| whale | 0.7014 | 2 |
| ensemble | 0.8901 | 2 |
| kalshi | 0.9145 | 2 |
| books | 0.922 | 2 |
| market | 0.9342 | 2 |
| model | 1.1159 | 2 |

## [[fifwc-aus-tur-2026-06-14|Australia vs. Türkiye]] (2026-06-14)

| Quelle | Australia | Remis | Turkey |
|---|---|---|---|
| Markt | 17.4% | 25.4% | 57.2% |
| Buchmacher (pinnacle) | 17.6% | 25.0% | 57.4% |
| Modell | 20.4% | 27.5% | 52.1% |
| **Ensemble** | **17.2%** | **23.6%** | **59.2%** |

Top-Ergebnis: **1:1** (11.9%), xG 0.887:1.72, Over 2.5: 48.2%

## [[fifwc-bel-egy-2026-06-15|Belgium vs. Egypt]] (2026-06-15)

| Quelle | Belgium | Remis | Egypt |
|---|---|---|---|
| Markt | 59.6% | 24.1% | 16.3% |
| Buchmacher (pinnacle) | 59.8% | 23.7% | 16.5% |
| Modell | 58.7% | 24.5% | 16.8% |
| **Ensemble** | **59.9%** | **21.5%** | **18.6%** |

Top-Ergebnis: **1:1** (11.7%), xG 1.893:0.906, Over 2.5: 52.6%

## [[fifwc-bra-mar-2026-06-13|Brazil vs. Morocco]] (2026-06-13)

| Quelle | Brazil | Remis | Morocco |
|---|---|---|---|
| Markt | 44.7% | 36.7% | 18.6% |
| Buchmacher (pinnacle) | 43.0% | 38.5% | 18.5% |
| Modell | 67.0% | 20.8% | 12.2% |
| **Ensemble** | **50.9%** | **32.9%** | **16.3%** |

Top-Ergebnis: **1:0** (18.4%), xG 1.235:0.6, Over 2.5: 27.8%

## [[fifwc-civ-ecu-2026-06-14|Côte d'Ivoire vs. Ecuador]] (2026-06-14)

| Quelle | Ivory Coast | Remis | Ecuador |
|---|---|---|---|
| Markt | 27.9% | 33.0% | 39.1% |
| Buchmacher (pinnacle) | 27.0% | 34.2% | 38.8% |
| Modell | 14.9% | 24.7% | 60.4% |
| **Ensemble** | **33.6%** | **27.3%** | **39.1%** |

Top-Ergebnis: **1:1** (13.9%), xG 0.881:1.261, Over 2.5: 36.3%

## [[fifwc-esp-cvi-2026-06-15|Spain vs. Cabo Verde]] (2026-06-15)

| Quelle | Spain | Remis | Cabo Verde |
|---|---|---|---|
| Markt | 90.0% | 6.7% | 3.3% |
| Modell | 89.8% | 8.7% | 1.5% |
| **Ensemble** | **90.0%** | **7.0%** | **3.0%** |

Top-Ergebnis: **3:0** (13.6%), xG 3.366:0.465, Over 2.5: 73.0%

## [[fifwc-ger-kor-2026-06-14|Germany vs. Curaçao]] (2026-06-14)

| Quelle | Germany | Remis | Curacao |
|---|---|---|---|
| Markt | 93.5% | 4.1% | 2.3% |
| Buchmacher (pinnacle) | 93.0% | 4.6% | 2.4% |
| Modell | 81.0% | 14.3% | 4.7% |
| **Ensemble** | **84.0%** | **6.7%** | **9.2%** |

Top-Ergebnis: **3:0** (15.6%), xG 3.365:0.323, Over 2.5: 71.0%

## [[fifwc-hai-sco-2026-06-13|Haiti vs. Scotland]] (2026-06-13)

| Quelle | Haiti | Remis | Scotland |
|---|---|---|---|
| Markt | 15.4% | 20.4% | 64.2% |
| Buchmacher (pinnacle) | 16.0% | 20.8% | 63.1% |
| Modell | 15.6% | 25.0% | 59.5% |
| **Ensemble** | **14.5%** | **19.0%** | **66.5%** |

Top-Ergebnis: **0:2** (9.7%), xG 1.008:2.181, Over 2.5: 61.7%

## [[fifwc-irn-nzl-2026-06-15|IR Iran vs. New Zealand]] (2026-06-15)

| Quelle | Iran | Remis | New Zealand |
|---|---|---|---|
| Markt | 52.8% | 27.6% | 19.6% |
| Buchmacher (pinnacle) | 52.5% | 27.4% | 20.2% |
| Modell | 54.7% | 26.6% | 18.7% |
| **Ensemble** | **58.8%** | **24.0%** | **17.2%** |

Top-Ergebnis: **1:1** (12.6%), xG 1.58:0.878, Over 2.5: 44.7%

## [[fifwc-ksa-ury-2026-06-15|Saudi Arabia vs. Uruguay]] (2026-06-15)

| Quelle | Saudi Arabia | Remis | Uruguay |
|---|---|---|---|
| Markt | 11.4% | 21.4% | 67.2% |
| Buchmacher (pinnacle) | 11.8% | 21.4% | 66.8% |
| Modell | 6.9% | 18.7% | 74.4% |
| **Ensemble** | **11.5%** | **18.6%** | **69.9%** |

Top-Ergebnis: **0:2** (13.1%), xG 0.705:2.088, Over 2.5: 52.6%

## [[fifwc-nld-jpn-2026-06-14|Netherlands vs. Japan]] (2026-06-14)

| Quelle | Netherlands | Remis | Japan |
|---|---|---|---|
| Markt | 47.7% | 26.6% | 25.6% |
| Buchmacher (pinnacle) | 47.2% | 26.7% | 26.1% |
| Modell | 42.3% | 25.7% | 32.0% |
| **Ensemble** | **52.4%** | **22.9%** | **24.7%** |

Top-Ergebnis: **1:1** (12.2%), xG 1.672:1.223, Over 2.5: 54.8%

## [[fifwc-qat-che-2026-06-13|Qatar vs. Switzerland]] (2026-06-13)

| Quelle | Qatar | Remis | Switzerland |
|---|---|---|---|
| Markt | 0.0% | 100.0% | 0.0% |
| Modell | 3.5% | 15.4% | 81.1% |
| **Ensemble** | **9.1%** | **61.1%** | **29.9%** |

Top-Ergebnis: **0:0** (36.4%), xG 0.253:0.78, Over 2.5: 8.7%

## [[fifwc-swe-tun-2026-06-14|Sweden vs. Tunisia]] (2026-06-14)

| Quelle | Sweden | Remis | Tunisia |
|---|---|---|---|
| Markt | 50.8% | 27.6% | 21.6% |
| Buchmacher (pinnacle) | 50.1% | 27.5% | 22.4% |
| Modell | 51.5% | 26.4% | 22.0% |
| **Ensemble** | **56.5%** | **23.5%** | **20.0%** |

Top-Ergebnis: **1:1** (12.5%), xG 1.6:0.969, Over 2.5: 47.7%
