# Daily Run 2026-06-13

- Start: 2026-06-13T21:01:56  |  Dauer: 15.4s
- StatsBomb: `open-data` / historical
- Spiele OK: 8 | Fehler: 0


## Kalibrierung (Brier, kumulativ)

| Quelle | Ø Brier | n |
|---|---|---|
| whale | 0.0014 | 1 |
| ensemble | 0.3999 | 1 |
| kalshi | 0.419 | 1 |
| market | 0.4274 | 1 |
| books | 0.4436 | 1 |
| model | 0.8575 | 1 |

## [[fifwc-aus-tur-2026-06-14|Australia vs. Türkiye]] (2026-06-14)

| Quelle | Australia | Remis | Turkey |
|---|---|---|---|
| Markt | 17.4% | 25.4% | 57.2% |
| Buchmacher (pinnacle) | 18.5% | 25.4% | 56.1% |
| Modell | 20.4% | 27.5% | 52.1% |
| **Ensemble** | **18.5%** | **25.9%** | **55.6%** |

Top-Ergebnis: **1:1** (11.8%), xG 0.887:1.715, Over 2.5: 48.1%

## [[fifwc-bra-mar-2026-06-13|Brazil vs. Morocco]] (2026-06-13)

| Quelle | Brazil | Remis | Morocco |
|---|---|---|---|
| Markt | 58.2% | 25.4% | 16.4% |
| Buchmacher (pinnacle) | 57.1% | 25.7% | 17.2% |
| Modell | 67.0% | 20.8% | 12.2% |
| **Ensemble** | **59.9%** | **24.3%** | **15.7%** |

Top-Ergebnis: **1:0** (11.6%), xG 1.853:0.831, Over 2.5: 50.5%

## [[fifwc-civ-ecu-2026-06-14|Côte d'Ivoire vs. Ecuador]] (2026-06-14)

| Quelle | Ivory Coast | Remis | Ecuador |
|---|---|---|---|
| Markt | 26.4% | 33.3% | 40.3% |
| Buchmacher (pinnacle) | 25.7% | 34.2% | 40.1% |
| Modell | 14.9% | 24.7% | 60.4% |
| **Ensemble** | **23.6%** | **31.5%** | **44.9%** |

Top-Ergebnis: **0:1** (14.0%), xG 0.842:1.28, Over 2.5: 36.0%

## [[fifwc-ger-kor-2026-06-14|Germany vs. Curaçao]] (2026-06-14)

| Quelle | Germany | Remis | Curacao |
|---|---|---|---|
| Markt | 93.5% | 4.0% | 2.4% |
| Buchmacher (pinnacle) | 93.0% | 4.6% | 2.4% |
| Modell | 81.0% | 14.3% | 4.7% |
| **Ensemble** | **90.4%** | **6.7%** | **3.0%** |

Top-Ergebnis: **3:0** (15.5%), xG 3.335:0.328, Over 2.5: 70.2%

## [[fifwc-hai-sco-2026-06-13|Haiti vs. Scotland]] (2026-06-13)

| Quelle | Haiti | Remis | Scotland |
|---|---|---|---|
| Markt | 15.6% | 20.6% | 63.8% |
| Buchmacher (pinnacle) | 16.3% | 20.8% | 62.8% |
| Modell | 15.6% | 25.0% | 59.5% |
| **Ensemble** | **15.8%** | **21.8%** | **62.4%** |

Top-Ergebnis: **0:2** (10.1%), xG 1.009:2.17, Over 2.5: 61.3%

## [[fifwc-nld-jpn-2026-06-14|Netherlands vs. Japan]] (2026-06-14)

| Quelle | Netherlands | Remis | Japan |
|---|---|---|---|
| Markt | 47.7% | 26.6% | 25.6% |
| Buchmacher (pinnacle) | 47.9% | 26.6% | 25.5% |
| Modell | 42.3% | 25.7% | 32.0% |
| **Ensemble** | **46.6%** | **26.4%** | **27.1%** |

Top-Ergebnis: **1:1** (12.0%), xG 1.673:1.227, Over 2.5: 55.1%

## [[fifwc-qat-che-2026-06-13|Qatar vs. Switzerland]] (2026-06-13)

| Quelle | Qatar | Remis | Switzerland |
|---|---|---|---|
| Markt | 5.9% | 11.5% | 82.6% |
| Buchmacher (pinnacle) | 6.3% | 13.3% | 80.3% |
| Modell | 3.5% | 15.4% | 81.1% |
| **Ensemble** | **5.4%** | **13.2%** | **81.4%** |

Top-Ergebnis: **0:3** (10.8%), xG 0.728:3.0, Over 2.5: 71.4%

## [[fifwc-swe-tun-2026-06-14|Sweden vs. Tunisia]] (2026-06-14)

| Quelle | Sweden | Remis | Tunisia |
|---|---|---|---|
| Markt | 50.8% | 27.6% | 21.6% |
| Buchmacher (pinnacle) | 50.6% | 27.3% | 22.1% |
| Modell | 51.5% | 26.4% | 22.0% |
| **Ensemble** | **50.9%** | **27.2%** | **21.8%** |

Top-Ergebnis: **1:1** (12.6%), xG 1.601:0.972, Over 2.5: 47.6%
