# Daily Run 2026-06-14

- Start: 2026-06-14T17:52:42  |  Dauer: 61.1s
- StatsBomb: `open-data` / historical
- Spiele OK: 8 | Fehler: 0


## Kalibrierung (Brier, kumulativ)

| Quelle | Ø Brier | n |
|---|---|---|
| whale | 0.7188 | 4 |
| ensemble | 0.7997 | 5 |
| kalshi | 0.8034 | 5 |
| books | 0.8056 | 5 |
| market | 0.8117 | 5 |
| model | 0.9105 | 5 |

## [[fifwc-bel-egy-2026-06-15|Belgium vs. Egypt]] (2026-06-15)

| Quelle | Belgium | Remis | Egypt |
|---|---|---|---|
| Markt | 60.2% | 24.4% | 15.4% |
| Buchmacher (pinnacle) | 60.3% | 23.5% | 16.2% |
| Modell | 58.7% | 24.5% | 16.8% |
| **Ensemble** | **61.8%** | **22.1%** | **16.1%** |

Top-Ergebnis: **1:1** (11.7%), xG 1.833:0.85, Over 2.5: 50.4%

## [[fifwc-civ-ecu-2026-06-14|Côte d'Ivoire vs. Ecuador]] (2026-06-14)

| Quelle | Ivory Coast | Remis | Ecuador |
|---|---|---|---|
| Markt | 29.4% | 33.3% | 37.3% |
| Buchmacher (pinnacle) | 29.0% | 33.7% | 37.4% |
| Modell | 14.9% | 24.7% | 60.4% |
| **Ensemble** | **33.7%** | **27.8%** | **38.5%** |

Top-Ergebnis: **1:1** (13.9%), xG 0.903:1.227, Over 2.5: 36.1%

## [[fifwc-esp-cvi-2026-06-15|Spain vs. Cabo Verde]] (2026-06-15)

| Quelle | Spain | Remis | Cabo Verde |
|---|---|---|---|
| Markt | 89.5% | 7.2% | 3.3% |
| Modell | 89.8% | 8.7% | 1.5% |
| **Ensemble** | **87.8%** | **7.9%** | **4.2%** |

Top-Ergebnis: **3:0** (13.4%), xG 3.368:0.488, Over 2.5: 73.3%

## [[fifwc-ger-kor-2026-06-14|Germany vs. Curaçao]] (2026-06-14)

| Quelle | Germany | Remis | Curacao |
|---|---|---|---|
| Markt | 94.1% | 3.6% | 2.2% |
| Buchmacher (pinnacle) | 94.8% | 3.6% | 1.5% |
| Modell | 81.0% | 14.3% | 4.7% |
| **Ensemble** | **83.1%** | **6.3%** | **10.6%** |

Top-Ergebnis: **3:0** (16.4%), xG 3.366:0.275, Over 2.5: 69.8%

## [[fifwc-irn-nzl-2026-06-15|IR Iran vs. New Zealand]] (2026-06-15)

| Quelle | Iran | Remis | New Zealand |
|---|---|---|---|
| Markt | 52.3% | 27.9% | 19.8% |
| Buchmacher (pinnacle) | 53.0% | 27.2% | 19.8% |
| Modell | 54.7% | 26.6% | 18.7% |
| **Ensemble** | **57.0%** | **24.5%** | **18.5%** |

Top-Ergebnis: **1:1** (13.0%), xG 1.568:0.877, Over 2.5: 43.7%

## [[fifwc-ksa-ury-2026-06-15|Saudi Arabia vs. Uruguay]] (2026-06-15)

| Quelle | Saudi Arabia | Remis | Uruguay |
|---|---|---|---|
| Markt | 11.6% | 21.6% | 66.8% |
| Buchmacher (pinnacle) | 11.2% | 21.0% | 67.8% |
| Modell | 6.9% | 18.7% | 74.4% |
| **Ensemble** | **9.6%** | **19.0%** | **71.4%** |

Top-Ergebnis: **0:2** (13.6%), xG 0.69:2.058, Over 2.5: 51.5%

## [[fifwc-nld-jpn-2026-06-14|Netherlands vs. Japan]] (2026-06-14)

| Quelle | Netherlands | Remis | Japan |
|---|---|---|---|
| Markt | 47.3% | 27.4% | 25.4% |
| Buchmacher (pinnacle) | 47.2% | 27.1% | 25.7% |
| Modell | 42.3% | 25.7% | 32.0% |
| **Ensemble** | **42.4%** | **24.2%** | **33.4%** |

Top-Ergebnis: **1:1** (12.4%), xG 1.601:1.171, Over 2.5: 52.5%

## [[fifwc-swe-tun-2026-06-14|Sweden vs. Tunisia]] (2026-06-14)

| Quelle | Sweden | Remis | Tunisia |
|---|---|---|---|
| Markt | 50.2% | 28.4% | 21.4% |
| Buchmacher (pinnacle) | 49.5% | 27.7% | 22.9% |
| Modell | 51.5% | 26.4% | 22.0% |
| **Ensemble** | **56.5%** | **24.1%** | **19.4%** |

Top-Ergebnis: **1:1** (12.7%), xG 1.552:0.948, Over 2.5: 45.7%
