# Daily Run 2026-07-03

- Start: 2026-07-03T12:22:23  |  Dauer: 39.5s
- StatsBomb: `open-data` / historical
- Spiele OK: 5 | Fehler: 0

> ⚠️ FBref-Cache aelter als 20h; Daily nutzt stale Form statt Live-Fetch zu blockieren.

## Kalibrierung (Brier, kumulativ)

| Quelle | Ø Brier | n |
|---|---|---|
| ensemble | 0.4408 | 75 |
| market | 0.4443 | 75 |
| kalshi | 0.4458 | 63 |
| books | 0.4543 | 72 |
| model | 0.4834 | 75 |
| whale | 0.5106 | 70 |

## [[fifwc-arg-cvi-2026-07-03|Argentina vs. Cabo Verde]] (2026-07-03)

| Quelle | Argentina | Remis | Cabo Verde |
|---|---|---|---|
| Markt | 85.8% | 10.4% | 3.8% |
| Modell | 88.5% | 10.0% | 1.5% |
| **Ensemble** | **89.4%** | **8.3%** | **2.3%** |

Top-Ergebnis: **2:0** (13.6%), xG 3.016:0.492, Over 2.5: 67.7%

## [[fifwc-aus-egy-2026-07-03|Australia vs. Egypt]] (2026-07-03)

| Quelle | Australia | Remis | Egypt |
|---|---|---|---|
| Markt | 26.4% | 33.3% | 40.3% |
| Buchmacher (pinnacle) | 25.9% | 33.4% | 40.7% |
| Modell | 34.6% | 30.9% | 34.5% |
| **Ensemble** | **27.4%** | **31.7%** | **41.0%** |

Top-Ergebnis: **1:1** (14.6%), xG 0.923:1.128, Over 2.5: 33.8%

## [[fifwc-can-mar-2026-07-04|Canada vs. Morocco]] (2026-07-04)

| Quelle | Canada | Remis | Morocco |
|---|---|---|---|
| Markt | 17.4% | 27.4% | 55.2% |
| Buchmacher (pinnacle) | 18.0% | 27.2% | 54.8% |
| Modell | 32.8% | 28.7% | 38.4% |
| **Ensemble** | **18.9%** | **23.6%** | **57.6%** |

Top-Ergebnis: **1:1** (13.0%), xG 0.903:1.544, Over 2.5: 44.0%

## [[fifwc-col-gha-2026-07-03|Colombia vs. Ghana]] (2026-07-03)

| Quelle | Colombia | Remis | Ghana |
|---|---|---|---|
| Markt | 68.8% | 21.6% | 9.5% |
| Buchmacher (pinnacle) | 67.9% | 22.0% | 10.1% |
| Modell | 77.3% | 17.7% | 4.9% |
| **Ensemble** | **74.8%** | **17.9%** | **7.3%** |

Top-Ergebnis: **2:0** (15.1%), xG 2.021:0.569, Over 2.5: 47.7%

## [[fifwc-par-fra-2026-07-04|Paraguay vs. France]] (2026-07-04)

| Quelle | Paraguay | Remis | France |
|---|---|---|---|
| Markt | 4.5% | 12.4% | 83.1% |
| Buchmacher (pinnacle) | 5.2% | 13.7% | 81.1% |
| Modell | 6.9% | 18.0% | 75.2% |
| **Ensemble** | **4.6%** | **12.4%** | **83.0%** |

Top-Ergebnis: **0:2** (13.7%), xG 0.578:2.713, Over 2.5: 63.2%
