# Daily Run 2026-07-10

- Start: 2026-07-10T13:26:54  |  Dauer: 18.3s
- StatsBomb: `open-data` / historical
- Spiele OK: 3 | Fehler: 0

> ⚠️ FBref-Cache aelter als 20h; Daily nutzt stale Form statt Live-Fetch zu blockieren.

## Kalibrierung (Brier, kumulativ)

| Quelle | Ø Brier | n |
|---|---|---|
| ensemble | 0.4379 | 86 |
| market | 0.4434 | 86 |
| kalshi | 0.4458 | 63 |
| books | 0.4518 | 83 |
| model | 0.4766 | 86 |
| whale | 0.5068 | 81 |

## [[fifwc-arg-che-2026-07-11|Argentina vs. Switzerland]] (2026-07-11)

| Quelle | Argentina | Remis | Switzerland |
|---|---|---|---|
| Markt | 57.2% | 26.8% | 16.1% |
| Buchmacher (pinnacle) | 57.4% | 26.6% | 16.0% |
| Modell | 64.5% | 21.6% | 13.9% |
| **Ensemble** | **65.0%** | **21.8%** | **13.2%** |

Top-Ergebnis: **1:0** (13.1%), xG 1.731:0.787, Over 2.5: 45.8%

## [[fifwc-esp-bel-2026-07-10|Spain vs. Belgium]] (2026-07-10)

| Quelle | Spain | Remis | Belgium |
|---|---|---|---|
| Markt | 59.8% | 24.2% | 15.9% |
| Buchmacher (pinnacle) | 59.7% | 24.1% | 16.2% |
| Modell | 60.5% | 23.2% | 16.3% |
| **Ensemble** | **60.7%** | **23.5%** | **15.7%** |

Top-Ergebnis: **1:1** (11.0%), xG 1.894:0.894, Over 2.5: 52.6%

## [[fifwc-nor-eng-2026-07-11|Norway vs. England]] (2026-07-11)

| Quelle | Norway | Remis | England |
|---|---|---|---|
| Markt | 22.6% | 25.8% | 51.5% |
| Buchmacher (pinnacle) | 22.4% | 25.8% | 51.9% |
| Modell | 19.7% | 23.5% | 56.9% |
| **Ensemble** | **25.3%** | **24.7%** | **50.0%** |

Top-Ergebnis: **1:1** (11.6%), xG 1.105:1.804, Over 2.5: 55.6%
