# Daily Run 2026-06-21

- Start: 2026-06-21T11:36:24  |  Dauer: 69.3s
- StatsBomb: `open-data` / historical
- Spiele OK: 8 | Fehler: 0


## Kalibrierung (Brier, kumulativ)

| Quelle | Ø Brier | n |
|---|---|---|
| kalshi | 0.4984 | 31 |
| market | 0.5006 | 31 |
| books | 0.5092 | 30 |
| ensemble | 0.5103 | 31 |
| model | 0.5709 | 31 |
| whale | 0.6013 | 26 |

## [[fifwc-arg-aut-2026-06-22|Argentina vs. Austria]] (2026-06-22)

| Quelle | Argentina | Remis | Austria |
|---|---|---|---|
| Markt | 63.8% | 22.6% | 13.6% |
| Buchmacher (pinnacle) | 62.6% | 23.5% | 13.9% |
| Modell | 70.7% | 18.9% | 10.4% |
| **Ensemble** | **68.9%** | **19.5%** | **11.6%** |

Top-Ergebnis: **2:0** (11.5%), xG 2.053:0.819, Over 2.5: 55.0%

## [[fifwc-bel-irn-2026-06-21|Belgium vs. IR Iran]] (2026-06-21)

| Quelle | Belgium | Remis | Iran |
|---|---|---|---|
| Markt | 67.2% | 20.4% | 12.4% |
| Buchmacher (pinnacle) | 68.3% | 19.8% | 11.9% |
| Modell | 52.2% | 26.1% | 21.7% |
| **Ensemble** | **67.2%** | **19.3%** | **13.5%** |

Top-Ergebnis: **2:0** (10.8%), xG 2.111:0.904, Over 2.5: 57.9%

## [[fifwc-esp-ksa-2026-06-21|Spain vs. Saudi Arabia]] (2026-06-21)

| Quelle | Spain | Remis | Saudi Arabia |
|---|---|---|---|
| Markt | 88.7% | 7.5% | 3.8% |
| Buchmacher (pinnacle) | 87.8% | 8.6% | 3.5% |
| Modell | 91.5% | 7.6% | 1.0% |
| **Ensemble** | **89.9%** | **7.2%** | **2.9%** |

Top-Ergebnis: **3:0** (12.3%), xG 3.457:0.552, Over 2.5: 75.8%

## [[fifwc-fra-irq-2026-06-22|France vs. Iraq]] (2026-06-22)

| Quelle | France | Remis | Iraq |
|---|---|---|---|
| Markt | 89.6% | 7.4% | 2.9% |
| Buchmacher (pinnacle) | 91.0% | 6.9% | 2.1% |
| Modell | 88.6% | 9.7% | 1.7% |
| **Ensemble** | **90.6%** | **7.2%** | **2.2%** |

Top-Ergebnis: **3:0** (12.6%), xG 3.422:0.514, Over 2.5: 74.2%

## [[fifwc-jor-alg-2026-06-22|Jordan vs. Algeria]] (2026-06-22)

| Quelle | Jordan | Remis | Algeria |
|---|---|---|---|
| Markt | 15.4% | 23.4% | 61.2% |
| Buchmacher (pinnacle) | 16.2% | 22.7% | 61.1% |
| Modell | 26.3% | 27.5% | 46.2% |
| **Ensemble** | **16.4%** | **21.2%** | **62.4%** |

Top-Ergebnis: **1:1** (12.0%), xG 0.93:1.867, Over 2.5: 52.4%

## [[fifwc-nor-sen-2026-06-22|Norway vs. Senegal]] (2026-06-22)

| Quelle | Norway | Remis | Senegal |
|---|---|---|---|
| Markt | 42.3% | 27.4% | 30.3% |
| Buchmacher (pinnacle) | 42.8% | 26.5% | 30.7% |
| Modell | 47.7% | 27.8% | 24.5% |
| **Ensemble** | **50.4%** | **23.8%** | **25.7%** |

Top-Ergebnis: **1:1** (12.8%), xG 1.537:1.222, Over 2.5: 52.3%

## [[fifwc-nzl-egy-2026-06-21|New Zealand vs. Egypt]] (2026-06-21)

| Quelle | New Zealand | Remis | Egypt |
|---|---|---|---|
| Markt | 16.4% | 23.4% | 60.2% |
| Buchmacher (pinnacle) | 15.4% | 23.6% | 61.0% |
| Modell | 23.4% | 27.3% | 49.3% |
| **Ensemble** | **16.2%** | **21.7%** | **62.1%** |

Top-Ergebnis: **1:1** (11.1%), xG 0.952:1.882, Over 2.5: 54.0%

## [[fifwc-ury-cvi-2026-06-21|Uruguay vs. Cabo Verde]] (2026-06-21)

| Quelle | Uruguay | Remis | Cabo Verde |
|---|---|---|---|
| Markt | 67.2% | 22.4% | 10.4% |
| Modell | 59.8% | 25.8% | 14.4% |
| **Ensemble** | **70.6%** | **19.7%** | **9.8%** |

Top-Ergebnis: **1:0** (14.4%), xG 1.837:0.666, Over 2.5: 45.8%
